   0.0000000000000000e+00   1.9634799999999999e-01   1.0000000000000000e+00   5.0000000000000000e-01   0.0000000000000000e+00
   1.0058599999999999e-02   1.9634799999999999e-01   9.9999600000000000e-01   5.0002899999999995e-01   6.3894299999999998e-03
   2.0019499999999999e-02   1.9634799999999999e-01   9.9997499999999995e-01   5.0011899999999998e-01   1.2664699999999999e-02
   3.0078100000000000e-02   1.9634799999999999e-01   9.9997499999999995e-01   5.0028200000000000e-01   1.8918399999999998e-02
   4.0039100000000001e-02   1.9634799999999999e-01   9.9997000000000003e-01   5.0049500000000002e-01   2.5037100000000000e-02
   5.0000000000000003e-02   1.9634799999999999e-01   9.9996799999999997e-01   5.0077199999999999e-01   3.1084899999999999e-02
   6.0058599999999997e-02   1.9634799999999999e-01   9.9997700000000000e-01   5.0111099999999997e-01   3.7122599999999999e-02
   7.0019499999999998e-02   1.9634799999999999e-01   9.9998500000000001e-01   5.0151000000000001e-01   4.3033399999999999e-02
   8.0078099999999999e-02   1.9634799999999999e-01   9.9999099999999996e-01   5.0196300000000005e-01   4.8937000000000001e-02
   9.0039099999999997e-02   1.9634799999999999e-01   9.9999199999999999e-01   5.0247699999999995e-01   5.4716700000000000e-02
   1.0000000000000001e-01   1.9634799999999999e-01   9.9997100000000005e-01   5.0304499999999996e-01   6.0433500000000001e-02
   1.1005900000000000e-01   1.9634799999999999e-01   9.9973199999999995e-01   5.0367499999999998e-01   6.6143999999999994e-02
   1.2002000000000000e-01   1.9634799999999999e-01   9.9945499999999998e-01   5.0435399999999997e-01   7.1737700000000001e-02
   1.3007800000000000e-01   1.9634799999999999e-01   9.9925699999999995e-01   5.0509499999999996e-01   7.7323199999999995e-02
   1.4003900000000000e-01   1.9634799999999999e-01   9.9920200000000003e-01   5.0588500000000003e-01   8.2791699999999996e-02
   1.4999999999999999e-01   1.9634799999999999e-01   9.9928799999999995e-01   5.0673100000000004e-01   8.8202600000000006e-02
   1.6005900000000001e-01   1.9634799999999999e-01   9.9939199999999995e-01   5.0763499999999995e-01   9.3608200000000003e-02
   1.7002000000000000e-01   1.9634799999999999e-01   9.9946199999999996e-01   5.0858800000000004e-01   9.8901699999999995e-02
   1.8007799999999999e-01   1.9634799999999999e-01   9.9958599999999997e-01   5.0959699999999997e-01   1.0417999999999999e-01
   1.9003900000000001e-01   1.9634799999999999e-01   9.9972499999999997e-01   5.1065000000000005e-01   1.0934099999999999e-01
   2.0000000000000001e-01   1.9634799999999999e-01   9.9984200000000001e-01   5.1175599999999999e-01   1.1444200000000000e-01
   2.1005900000000000e-01   1.9634799999999999e-01   9.9991799999999997e-01   5.1292099999999996e-01   1.1952900000000000e-01
   2.2001999999999999e-01   1.9634799999999999e-01   9.9992700000000001e-01   5.1412300000000000e-01   1.2450400000000000e-01
   2.3007800000000000e-01   1.9634799999999999e-01   9.9994099999999997e-01   5.1538700000000004e-01   1.2945699999999999e-01
   2.4003900000000000e-01   1.9634799999999999e-01   9.9994300000000003e-01   5.1669200000000004e-01   1.3428799999999999e-01
   2.5000000000000000e-01   1.9634799999999999e-01   9.9993600000000005e-01   5.1804499999999998e-01   1.3905899999999999e-01
   2.6005899999999998e-01   1.9634799999999999e-01   9.9994000000000005e-01   5.1944999999999997e-01   1.4379500000000001e-01
   2.7001999999999998e-01   1.9634799999999999e-01   9.9993500000000002e-01   5.2089099999999999e-01   1.4841900000000000e-01
   2.8007799999999999e-01   1.9634799999999999e-01   9.9992999999999999e-01   5.2239800000000003e-01   1.5300300000000000e-01
   2.9003899999999999e-01   1.9634799999999999e-01   9.9991699999999994e-01   5.2392499999999997e-01   1.5747500000000000e-01
   2.9999999999999999e-01   1.9634799999999999e-01   9.9990599999999996e-01   5.2550399999999997e-01   1.6185900000000000e-01
   3.1005899999999997e-01   1.9634799999999999e-01   9.9988400000000000e-01   5.2713900000000002e-01   1.6620299999999999e-01
   3.2002000000000003e-01   1.9634799999999999e-01   9.9986799999999998e-01   5.2880099999999997e-01   1.7042399999999999e-01
   3.3007799999999998e-01   1.9634799999999999e-01   9.9984799999999996e-01   5.3052200000000005e-01   1.7459800000000000e-01
   3.4003899999999998e-01   1.9634799999999999e-01   9.9981600000000004e-01   5.3226799999999996e-01   1.7863299999999999e-01
   3.4999999999999998e-01   1.9634799999999999e-01   9.9978299999999998e-01   5.3405000000000002e-01   1.8258099999999999e-01
   3.6005900000000002e-01   1.9634799999999999e-01   9.9973999999999996e-01   5.3588899999999995e-01   1.8646499999999999e-01
   3.7002000000000002e-01   1.9634799999999999e-01   9.9969100000000000e-01   5.3774800000000000e-01   1.9023100000000001e-01
   3.8007800000000003e-01   1.9634799999999999e-01   9.9963299999999999e-01   5.3966599999999998e-01   1.9391300000000000e-01
   3.9003900000000002e-01   1.9634799999999999e-01   9.9956599999999995e-01   5.4159800000000002e-01   1.9745900000000000e-01
   4.0000000000000002e-01   1.9634799999999999e-01   9.9948899999999996e-01   5.4356300000000002e-01   2.0090500000000000e-01
   4.1005900000000001e-01   1.9634799999999999e-01   9.9939699999999998e-01   5.4557999999999995e-01   2.0427799999999999e-01
   4.2002000000000000e-01   1.9634799999999999e-01   9.9929199999999996e-01   5.4761400000000005e-01   2.0750600000000000e-01
   4.3007800000000002e-01   1.9634799999999999e-01   9.9917100000000003e-01   5.4970200000000002e-01   2.1064600000000000e-01
   4.4003900000000001e-01   1.9634799999999999e-01   9.9903500000000001e-01   5.5179699999999998e-01   2.1365100000000001e-01
   4.5000000000000001e-01   1.9634799999999999e-01   9.9887800000000004e-01   5.5392200000000003e-01   2.1653100000000000e-01
   4.6005900000000000e-01   1.9634799999999999e-01   9.9869600000000003e-01   5.5609200000000003e-01   2.1933300000000000e-01
   4.7001999999999999e-01   1.9634799999999999e-01   9.9849399999999999e-01   5.5828100000000003e-01   2.2198999999999999e-01
   4.8007800000000000e-01   1.9634799999999999e-01   9.9826199999999998e-01   5.6050400000000000e-01   2.2454700000000000e-01
   4.9003900000000000e-01   1.9634799999999999e-01   9.9800299999999997e-01   5.6273499999999999e-01   2.2696400000000000e-01
   5.0000000000000000e-01   1.9634799999999999e-01   9.9771299999999996e-01   5.6498599999999999e-01   2.2925400000000001e-01
   5.1005900000000004e-01   1.9634799999999999e-01   9.9738499999999997e-01   5.6728500000000004e-01   2.3144999999999999e-01
   5.2002000000000004e-01   1.9634799999999999e-01   9.9702199999999996e-01   5.6958100000000000e-01   2.3351100000000000e-01
   5.3007800000000005e-01   1.9634799999999999e-01   9.9661299999999997e-01   5.7192100000000001e-01   2.3547599999999999e-01
   5.4003900000000005e-01   1.9634799999999999e-01   9.9616499999999997e-01   5.7425800000000005e-01   2.3727799999999999e-01
   5.5000000000000004e-01   1.9634799999999999e-01   9.9566699999999997e-01   5.7661200000000001e-01   2.3898300000000000e-01
   5.6005899999999997e-01   1.9634799999999999e-01   9.9511499999999997e-01   5.7900499999999999e-01   2.4059200000000000e-01
   5.7001999999999997e-01   1.9634799999999999e-01   9.9451500000000004e-01   5.8138599999999996e-01   2.4205599999999999e-01
   5.8007799999999998e-01   1.9634799999999999e-01   9.9385100000000004e-01   5.8381000000000005e-01   2.4343300000000001e-01
   5.9003899999999998e-01   1.9634799999999999e-01   9.9313300000000004e-01   5.8622399999999997e-01   2.4468100000000001e-01
   5.9999999999999998e-01   1.9634799999999999e-01   9.9235099999999998e-01   5.8864600000000000e-01   2.4583099999999999e-01
   6.1005900000000002e-01   1.9634799999999999e-01   9.9149399999999999e-01   5.9111000000000002e-01   2.4687799999999999e-01
   6.2002000000000002e-01   1.9634799999999999e-01   9.9057700000000004e-01   5.9355000000000002e-01   2.4781400000000001e-01
   6.3007800000000003e-01   1.9634799999999999e-01   9.8957899999999999e-01   5.9602299999999997e-01   2.4866300000000000e-01
   6.4003900000000002e-01   1.9634799999999999e-01   9.8851599999999995e-01   5.9849799999999997e-01   2.4940000000000001e-01
   6.5000000000000002e-01   1.9634799999999999e-01   9.8737699999999995e-01   6.0096300000000002e-01   2.5004300000000002e-01
   6.6005899999999995e-01   1.9634799999999999e-01   9.8614900000000005e-01   6.0346200000000005e-01   2.5061600000000001e-01
   6.7001999999999995e-01   1.9634799999999999e-01   9.8485199999999995e-01   6.0594300000000001e-01   2.5108599999999998e-01
   6.8007799999999996e-01   1.9634799999999999e-01   9.8346199999999995e-01   6.0844799999999999e-01   2.5149100000000002e-01
   6.9003899999999996e-01   1.9634799999999999e-01   9.8200399999999999e-01   6.1094099999999996e-01   2.5181599999999998e-01
   6.9999999999999996e-01   1.9634799999999999e-01   9.8046500000000003e-01   6.1343300000000001e-01   2.5205300000000003e-01
   7.1005900000000000e-01   1.9634799999999999e-01   9.7882899999999995e-01   6.1595100000000003e-01   2.5222800000000001e-01
   7.2001999999999999e-01   1.9634799999999999e-01   9.7712699999999997e-01   6.1844800000000000e-01   2.5235099999999999e-01
   7.3007800000000000e-01   1.9634799999999999e-01   9.7532500000000000e-01   6.2097000000000002e-01   2.5238300000000002e-01
   7.4003900000000000e-01   1.9634799999999999e-01   9.7346200000000005e-01   6.2346500000000005e-01   2.5236700000000001e-01
   7.5000000000000000e-01   1.9634799999999999e-01   9.7152200000000000e-01   6.2596300000000005e-01   2.5229499999999999e-01
   7.6005900000000004e-01   1.9634799999999999e-01   9.6948400000000001e-01   6.2847799999999998e-01   2.5218000000000002e-01
   7.7002000000000004e-01   1.9634799999999999e-01   9.6739100000000000e-01   6.3097199999999998e-01   2.5201200000000001e-01
   7.8007800000000005e-01   1.9634799999999999e-01   9.6520300000000003e-01   6.3348899999999997e-01   2.5178299999999998e-01
   7.9003900000000005e-01   1.9634799999999999e-01   9.6296599999999999e-01   6.3597700000000001e-01   2.5153799999999998e-01
   8.0000000000000004e-01   1.9634799999999999e-01   9.6066200000000002e-01   6.3846499999999995e-01   2.5122800000000001e-01
   8.1005899999999997e-01   1.9634799999999999e-01   9.5827099999999998e-01   6.4097499999999996e-01   2.5088700000000003e-01
   8.2001999999999997e-01   1.9634799999999999e-01   9.5584000000000002e-01   6.4345699999999995e-01   2.5051699999999999e-01
   8.3007799999999998e-01   1.9634799999999999e-01   9.5332600000000001e-01   6.4595800000000003e-01   2.5012800000000002e-01
   8.4003899999999998e-01   1.9634799999999999e-01   9.5077999999999996e-01   6.4843200000000001e-01   2.4969100000000000e-01
   8.4999999999999998e-01   1.9634799999999999e-01   9.4818199999999997e-01   6.5089799999999998e-01   2.4922600000000000e-01
   8.6005900000000002e-01   1.9634799999999999e-01   9.4550900000000004e-01   6.5338200000000002e-01   2.4874499999999999e-01
   8.7002000000000002e-01   1.9634799999999999e-01   9.4281599999999999e-01   6.5584399999999998e-01   2.4824399999999999e-01
   8.8007800000000003e-01   1.9634799999999999e-01   9.4005200000000000e-01   6.5832400000000002e-01   2.4772300000000000e-01
   8.9003900000000002e-01   1.9634799999999999e-01   9.3727700000000003e-01   6.6077200000000003e-01   2.4718599999999999e-01
   9.0000000000000002e-01   1.9634799999999999e-01   9.3446499999999999e-01   6.6321099999999999e-01   2.4663399999999999e-01
   9.1005899999999995e-01   1.9634799999999999e-01   9.3159300000000000e-01   6.6567699999999996e-01   2.4606400000000000e-01
   9.2001999999999995e-01   1.9634799999999999e-01   9.2871700000000001e-01   6.6810800000000004e-01   2.4549799999999999e-01
   9.3007799999999996e-01   1.9634799999999999e-01   9.2578700000000003e-01   6.7055699999999996e-01   2.4489900000000001e-01
   9.4003899999999996e-01   1.9634799999999999e-01   9.2286299999999999e-01   6.7297899999999999e-01   2.4430800000000000e-01
   9.4999999999999996e-01   1.9634799999999999e-01   9.1991699999999998e-01   6.7539700000000003e-01   2.4372199999999999e-01
   9.6005900000000000e-01   1.9634799999999999e-01   9.1692499999999999e-01   6.7782399999999998e-01   2.4310100000000001e-01
   9.7001999999999999e-01   1.9634799999999999e-01   9.1394500000000001e-01   6.8022400000000005e-01   2.4249000000000001e-01
   9.8007800000000000e-01   1.9634799999999999e-01   9.1092499999999998e-01   6.8264499999999995e-01   2.4187500000000001e-01
   9.9003900000000000e-01   1.9634799999999999e-01   9.0792300000000004e-01   6.8503599999999998e-01   2.4127399999999999e-01
   1.0000000000000000e+00   1.9634799999999999e-01   9.0491299999999997e-01   6.8742000000000003e-01   2.4066299999999999e-01
   1.0100600000000000e+00   1.9634799999999999e-01   9.0186900000000003e-01   6.8982100000000002e-01   2.4004700000000001e-01
   1.0200199999999999e+00   1.9634799999999999e-01   8.9885099999999996e-01   6.9219100000000000e-01   2.3944799999999999e-01
   1.0300800000000001e+00   1.9634799999999999e-01   8.9580199999999999e-01   6.9458399999999998e-01   2.3883699999999999e-01
   1.0400400000000001e+00   1.9634799999999999e-01   8.9278400000000002e-01   6.9694299999999998e-01   2.3823500000000000e-01
   1.0500000000000000e+00   1.9634799999999999e-01   8.8976900000000003e-01   6.9929300000000005e-01   2.3764800000000000e-01
   1.0600600000000000e+00   1.9634799999999999e-01   8.8672799999999996e-01   7.0166399999999995e-01   2.3706800000000000e-01
   1.0700200000000000e+00   1.9634799999999999e-01   8.8372200000000001e-01   7.0400399999999996e-01   2.3648700000000000e-01
   1.0800799999999999e+00   1.9634799999999999e-01   8.8069600000000003e-01   7.0636800000000000e-01   2.3592600000000000e-01
   1.0900399999999999e+00   1.9634799999999999e-01   8.7770800000000004e-01   7.0869599999999999e-01   2.3536599999999999e-01
   1.1000000000000001e+00   1.9634799999999999e-01   8.7473100000000004e-01   7.1102200000000004e-01   2.3480999999999999e-01
   1.1100600000000000e+00   1.9634799999999999e-01   8.7173599999999996e-01   7.1336599999999994e-01   2.3426500000000000e-01
   1.1200200000000000e+00   1.9634799999999999e-01   8.6878299999999997e-01   7.1567700000000001e-01   2.3375599999999999e-01
   1.1300800000000000e+00   1.9634799999999999e-01   8.6581500000000000e-01   7.1801199999999998e-01   2.3322000000000001e-01
   1.1400399999999999e+00   1.9634799999999999e-01   8.6289199999999999e-01   7.2031599999999996e-01   2.3271700000000001e-01
   1.1499999999999999e+00   1.9634799999999999e-01   8.5998399999999997e-01   7.2261600000000004e-01   2.3222499999999999e-01
   1.1600600000000001e+00   1.9634799999999999e-01   8.5706499999999997e-01   7.2492999999999996e-01   2.3174600000000001e-01
   1.1700200000000001e+00   1.9634799999999999e-01   8.5419199999999995e-01   7.2721700000000000e-01   2.3128499999999999e-01
   1.1800800000000000e+00   1.9634799999999999e-01   8.5131000000000001e-01   7.2952200000000000e-01   2.3082900000000001e-01
   1.1900400000000000e+00   1.9634799999999999e-01   8.4847600000000001e-01   7.3180299999999998e-01   2.3039499999999999e-01
   1.2000000000000000e+00   1.9634799999999999e-01   8.4565999999999997e-01   7.3407800000000001e-01   2.2997799999999999e-01
   1.2100599999999999e+00   1.9634799999999999e-01   8.4283900000000000e-01   7.3637500000000000e-01   2.2956299999999999e-01
   1.2200200000000001e+00   1.9634799999999999e-01   8.4006599999999998e-01   7.3863900000000005e-01   2.2917599999999999e-01
   1.2300800000000001e+00   1.9634799999999999e-01   8.3728800000000003e-01   7.4092599999999997e-01   2.2880300000000001e-01
   1.2400400000000000e+00   1.9634799999999999e-01   8.3455900000000005e-01   7.4319000000000002e-01   2.2844800000000001e-01
   1.2500000000000000e+00   1.9634799999999999e-01   8.3185100000000001e-01   7.4543999999999999e-01   2.2811200000000001e-01
   1.2600600000000000e+00   1.9634799999999999e-01   8.2913899999999996e-01   7.4771699999999996e-01   2.2778799999999999e-01
   1.2700199999999999e+00   1.9634799999999999e-01   8.2647800000000005e-01   7.4996900000000000e-01   2.2748699999999999e-01
   1.2800800000000001e+00   1.9634799999999999e-01   8.2381400000000005e-01   7.5223399999999996e-01   2.2718300000000000e-01
   1.2900400000000001e+00   1.9634799999999999e-01   8.2119900000000001e-01   7.5448099999999996e-01   2.2691600000000001e-01
   1.3000000000000000e+00   1.9634799999999999e-01   8.1860599999999994e-01   7.5671900000000003e-01   2.2666000000000000e-01
   1.3100600000000000e+00   1.9634799999999999e-01   8.1601500000000005e-01   7.5898100000000002e-01   2.2642200000000001e-01
   1.3200200000000000e+00   1.9634799999999999e-01   8.1347100000000006e-01   7.6121600000000000e-01   2.2619700000000001e-01
   1.3300799999999999e+00   1.9634799999999999e-01   8.1092600000000004e-01   7.6347100000000001e-01   2.2599100000000000e-01
   1.3400399999999999e+00   1.9634799999999999e-01   8.0842999999999998e-01   7.6570000000000005e-01   2.2580700000000001e-01
   1.3500000000000001e+00   1.9634799999999999e-01   8.0595899999999998e-01   7.6793100000000003e-01   2.2564999999999999e-01
   1.3600600000000000e+00   1.9634799999999999e-01   8.0348699999999995e-01   7.7018299999999995e-01   2.2550000000000001e-01
   1.3700200000000000e+00   1.9634799999999999e-01   8.0106599999999994e-01   7.7241000000000004e-01   2.2536400000000001e-01
   1.3800800000000000e+00   1.9634799999999999e-01   7.9864500000000005e-01   7.7465300000000004e-01   2.2525400000000001e-01
   1.3900399999999999e+00   1.9634799999999999e-01   7.9627000000000003e-01   7.7688000000000001e-01   2.2515800000000000e-01
   1.3999999999999999e+00   1.9634799999999999e-01   7.9391999999999996e-01   7.7910199999999996e-01   2.2509399999999999e-01
   1.4100600000000001e+00   1.9634799999999999e-01   7.9157200000000005e-01   7.8134300000000001e-01   2.2502800000000001e-01
   1.4200200000000001e+00   1.9634799999999999e-01   7.8927099999999994e-01   7.8356300000000001e-01   2.2498599999999999e-01
   1.4300800000000000e+00   1.9634799999999999e-01   7.8697099999999998e-01   7.8580700000000003e-01   2.2495100000000001e-01
   1.4400400000000000e+00   1.9634799999999999e-01   7.8471800000000003e-01   7.8802600000000000e-01   2.2494800000000001e-01
   1.4500000000000000e+00   1.9634799999999999e-01   7.8248899999999999e-01   7.9024799999999995e-01   2.2496900000000000e-01
   1.4600599999999999e+00   1.9634799999999999e-01   7.8026200000000001e-01   7.9248900000000000e-01   2.2498599999999999e-01
   1.4700200000000001e+00   1.9634799999999999e-01   7.7807999999999999e-01   7.9471199999999997e-01   2.2503400000000001e-01
   1.4800800000000001e+00   1.9634799999999999e-01   7.7590199999999998e-01   7.9694799999999999e-01   2.2511100000000001e-01
   1.4900400000000000e+00   1.9634799999999999e-01   7.7376800000000001e-01   7.9917099999999996e-01   2.2517400000000001e-01
   1.5000000000000000e+00   1.9634799999999999e-01   7.7165600000000001e-01   8.0139499999999997e-01   2.2527500000000000e-01
   1.5100600000000000e+00   1.9634799999999999e-01   7.6954900000000004e-01   8.0364400000000002e-01   2.2539699999999999e-01
   1.5200199999999999e+00   1.9634799999999999e-01   7.6748400000000006e-01   8.0586400000000002e-01   2.2551299999999999e-01
   1.5300800000000001e+00   1.9634799999999999e-01   7.6542299999999996e-01   8.0811100000000002e-01   2.2566300000000000e-01
   1.5400400000000001e+00   1.9634799999999999e-01   7.6340399999999997e-01   8.1034099999999998e-01   2.2582900000000000e-01
   1.5500000000000000e+00   1.9634799999999999e-01   7.6140900000000000e-01   8.1256399999999995e-01   2.2599500000000000e-01
   1.5600600000000000e+00   1.9634799999999999e-01   7.5941599999999998e-01   8.1481599999999998e-01   2.2619300000000001e-01
   1.5700200000000000e+00   1.9634799999999999e-01   7.5746599999999997e-01   8.1704699999999997e-01   2.2640099999999999e-01
   1.5800799999999999e+00   1.9634799999999999e-01   7.5551900000000005e-01   8.1930800000000004e-01   2.2664000000000001e-01
   1.5900399999999999e+00   1.9634799999999999e-01   7.5361199999999995e-01   8.2153699999999996e-01   2.2686000000000001e-01
   1.6000000000000001e+00   1.9634799999999999e-01   7.5172700000000003e-01   8.2377500000000003e-01   2.2710700000000000e-01
   1.6100600000000000e+00   1.9634799999999999e-01   7.4984600000000001e-01   8.2604000000000000e-01   2.2737599999999999e-01
   1.6200200000000000e+00   1.9634799999999999e-01   7.4800599999999995e-01   8.2828800000000002e-01   2.2766400000000001e-01
   1.6300800000000000e+00   1.9634799999999999e-01   7.4616899999999997e-01   8.3054899999999998e-01   2.2794800000000001e-01
   1.6400399999999999e+00   1.9634799999999999e-01   7.4436999999999998e-01   8.3279800000000004e-01   2.2824300000000000e-01
   1.6499999999999999e+00   1.9634799999999999e-01   7.4259399999999998e-01   8.3504800000000001e-01   2.2856099999999999e-01
   1.6600600000000001e+00   1.9634799999999999e-01   7.4082199999999998e-01   8.3732300000000004e-01   2.2889000000000001e-01
   1.6700200000000001e+00   1.9634799999999999e-01   7.3908700000000005e-01   8.3958100000000002e-01   2.2923299999999999e-01
   1.6800800000000000e+00   1.9634799999999999e-01   7.3735600000000001e-01   8.4186600000000000e-01   2.2958799999999999e-01
   1.6900400000000000e+00   1.9634799999999999e-01   7.3566100000000001e-01   8.4412299999999996e-01   2.2994200000000001e-01
   1.7000000000000000e+00   1.9634799999999999e-01   7.3398900000000000e-01   8.4639200000000003e-01   2.3031299999999999e-01
   1.7100599999999999e+00   1.9634799999999999e-01   7.3232100000000000e-01   8.4868399999999999e-01   2.3069300000000001e-01
   1.7200200000000001e+00   1.9634799999999999e-01   7.3068900000000003e-01   8.5095900000000002e-01   2.3107400000000000e-01
   1.7300800000000001e+00   1.9634799999999999e-01   7.2906000000000004e-01   8.5326000000000002e-01   2.3148299999999999e-01
   1.7400400000000000e+00   1.9634799999999999e-01   7.2746699999999997e-01   8.5553999999999997e-01   2.3187400000000000e-01
   1.7500000000000000e+00   1.9634799999999999e-01   7.2589099999999995e-01   8.5782400000000003e-01   2.3228699999999999e-01
   1.7600600000000000e+00   1.9634799999999999e-01   7.2432099999999999e-01   8.6013799999999996e-01   2.3270800000000000e-01
   1.7700199999999999e+00   1.9634799999999999e-01   7.2278600000000004e-01   8.6243000000000003e-01   2.3313800000000001e-01
   1.7800800000000001e+00   1.9634799999999999e-01   7.2125499999999998e-01   8.6474899999999999e-01   2.3355600000000001e-01
   1.7900400000000001e+00   1.9634799999999999e-01   7.1975699999999998e-01   8.6704899999999996e-01   2.3399400000000001e-01
   1.8000000000000000e+00   1.9634799999999999e-01   7.1827600000000003e-01   8.6935600000000002e-01   2.3442600000000000e-01
   1.8100600000000000e+00   1.9634799999999999e-01   7.1679899999999996e-01   8.7168500000000004e-01   2.3486199999999999e-01
   1.8200200000000000e+00   1.9634799999999999e-01   7.1535400000000005e-01   8.7399600000000000e-01   2.3529900000000001e-01
   1.8300799999999999e+00   1.9634799999999999e-01   7.1391000000000004e-01   8.7634000000000001e-01   2.3574600000000001e-01
   1.8400399999999999e+00   1.9634799999999999e-01   7.1250000000000002e-01   8.7865300000000002e-01   2.3617700000000000e-01
   1.8500000000000001e+00   1.9634799999999999e-01   7.1110399999999996e-01   8.8098799999999999e-01   2.3662400000000000e-01
   1.8600600000000000e+00   1.9634799999999999e-01   7.0971099999999998e-01   8.8334100000000004e-01   2.3705699999999999e-01
   1.8700200000000000e+00   1.9634799999999999e-01   7.0834500000000000e-01   8.8567600000000002e-01   2.3749300000000001e-01
   1.8800800000000000e+00   1.9634799999999999e-01   7.0698200000000000e-01   8.8803399999999999e-01   2.3792500000000000e-01
   1.8900399999999999e+00   1.9634799999999999e-01   7.0564700000000002e-01   8.9037699999999997e-01   2.3835300000000001e-01
   1.8999999999999999e+00   1.9634799999999999e-01   7.0432300000000003e-01   8.9272099999999999e-01   2.3875900000000000e-01
   1.9100600000000001e+00   1.9634799999999999e-01   7.0299800000000001e-01   8.9509600000000000e-01   2.3918200000000001e-01
   1.9200200000000001e+00   1.9634799999999999e-01   7.0169199999999998e-01   8.9744800000000002e-01   2.3957100000000001e-01
   1.9300800000000000e+00   1.9634799999999999e-01   7.0038699999999998e-01   8.9982899999999999e-01   2.3997199999999999e-01
   1.9400400000000000e+00   1.9634799999999999e-01   6.9910000000000005e-01   9.0218799999999999e-01   2.4035100000000001e-01
   1.9500000000000000e+00   1.9634799999999999e-01   6.9783799999999996e-01   9.0455399999999997e-01   2.4072099999999999e-01
   1.9600599999999999e+00   1.9634799999999999e-01   6.9656200000000001e-01   9.0693800000000002e-01   2.4107100000000001e-01
   1.9700200000000001e+00   1.9634799999999999e-01   6.9530000000000003e-01   9.0931799999999996e-01   2.4141199999999999e-01
   1.9800800000000001e+00   1.9634799999999999e-01   6.9399699999999998e-01   9.1171500000000005e-01   2.4175500000000000e-01
   1.9900400000000000e+00   1.9634799999999999e-01   6.9270500000000002e-01   9.1408900000000004e-01   2.4205399999999999e-01
   2.0000000000000000e+00   1.9634799999999999e-01   6.9130700000000000e-01   9.1646600000000000e-01   2.4232200000000001e-01
   2.0100600000000002e+00   1.9634799999999999e-01   6.8976000000000004e-01   9.1886800000000002e-01   2.4256900000000001e-01
   2.0200200000000001e+00   1.9634799999999999e-01   6.8789900000000004e-01   9.2124899999999998e-01   2.4281500000000000e-01
   2.0300799999999999e+00   1.9634799999999999e-01   6.8548399999999998e-01   9.2365100000000000e-01   2.4306000000000000e-01
   2.0400399999999999e+00   1.9634799999999999e-01   6.8318100000000004e-01   9.2603700000000000e-01   2.4321799999999999e-01
   2.0499999999999998e+00   1.9634799999999999e-01   6.8130299999999999e-01   9.2841499999999999e-01   2.4334200000000000e-01
   2.0600600000000000e+00   1.9634799999999999e-01   6.7860399999999998e-01   9.3082900000000002e-01   2.4336800000000000e-01
   2.0700200000000000e+00   1.9634799999999999e-01   6.7552699999999999e-01   9.3320400000000003e-01   2.4340300000000001e-01
   2.0800800000000002e+00   1.9634799999999999e-01   6.7266700000000001e-01   9.3559999999999999e-01   2.4326700000000001e-01
   2.0900400000000001e+00   1.9634799999999999e-01   6.6966099999999995e-01   9.3799100000000002e-01   2.4302299999999999e-01
   2.1000000000000001e+00   1.9634799999999999e-01   6.6671499999999995e-01   9.4035899999999994e-01   2.4284100000000000e-01
   2.1100599999999998e+00   1.9634799999999999e-01   6.6398900000000005e-01   9.4275900000000001e-01   2.4245800000000001e-01
   2.1200199999999998e+00   1.9634799999999999e-01   6.6188100000000005e-01   9.4513000000000003e-01   2.4203100000000000e-01
   2.1300800000000000e+00   1.9634799999999999e-01   6.5938699999999995e-01   9.4752800000000004e-01   2.4152399999999999e-01
   2.1400399999999999e+00   1.9634799999999999e-01   6.5638900000000000e-01   9.4988799999999995e-01   2.4091199999999999e-01
   2.1499999999999999e+00   1.9634799999999999e-01   6.5332400000000002e-01   9.5226000000000000e-01   2.4025700000000000e-01
   2.1600600000000001e+00   1.9634799999999999e-01   6.5034999999999998e-01   9.5462899999999995e-01   2.3951600000000001e-01
   2.1700200000000001e+00   1.9634799999999999e-01   6.4724400000000004e-01   9.5697100000000002e-01   2.3866200000000001e-01
   2.1800799999999998e+00   1.9634799999999999e-01   6.4428099999999999e-01   9.5933500000000005e-01   2.3783699999999999e-01
   2.1900400000000002e+00   1.9634799999999999e-01   6.4143099999999997e-01   9.6167000000000002e-01   2.3694899999999999e-01
   2.2000000000000002e+00   1.9634799999999999e-01   6.3851400000000003e-01   9.6399199999999996e-01   2.3606500000000000e-01
   2.2100599999999999e+00   1.9634799999999999e-01   6.3571599999999995e-01   9.6633700000000000e-01   2.3517800000000000e-01
   2.2200199999999999e+00   1.9634799999999999e-01   6.3302000000000003e-01   9.6863600000000005e-01   2.3432300000000000e-01
   2.2300800000000001e+00   1.9634799999999999e-01   6.3026199999999999e-01   9.7095200000000004e-01   2.3346000000000000e-01
   2.2400400000000000e+00   1.9634799999999999e-01   6.2738200000000000e-01   9.7323800000000005e-01   2.3268700000000000e-01
   2.2500000000000000e+00   1.9634799999999999e-01   6.2459699999999996e-01   9.7551699999999997e-01   2.3194200000000001e-01
   2.2600600000000002e+00   1.9634799999999999e-01   6.2190299999999998e-01   9.7781799999999996e-01   2.3127200000000001e-01
   2.2700200000000001e+00   1.9634799999999999e-01   6.1936500000000005e-01   9.8008099999999998e-01   2.3068300000000000e-01
   2.2800799999999999e+00   1.9634799999999999e-01   6.1708799999999997e-01   9.8235899999999998e-01   2.3015800000000000e-01
   2.2900399999999999e+00   1.9634799999999999e-01   6.1450000000000005e-01   9.8462000000000005e-01   2.2949500000000000e-01
   2.2999999999999998e+00   1.9634799999999999e-01   6.1179700000000004e-01   9.8687100000000005e-01   2.2911100000000001e-01
   2.3100600000000000e+00   1.9634799999999999e-01   6.0902000000000001e-01   9.8912999999999995e-01   2.2855500000000001e-01
   2.3200200000000000e+00   1.9634799999999999e-01   6.0628499999999996e-01   9.9136899999999994e-01   2.2804500000000000e-01
   2.3300800000000002e+00   1.9634799999999999e-01   6.0340400000000005e-01   9.9361999999999995e-01   2.2748299999999999e-01
   2.3400400000000001e+00   1.9634799999999999e-01   6.0068100000000002e-01   9.9586200000000002e-01   2.2700100000000001e-01
   2.3500000000000001e+00   1.9634799999999999e-01   5.9766900000000001e-01   9.9809400000000004e-01   2.2649400000000000e-01
   2.3600599999999998e+00   1.9634799999999999e-01   5.9479499999999996e-01   1.0003400000000000e+00   2.2599700000000000e-01
   2.3700199999999998e+00   1.9634799999999999e-01   5.9161500000000000e-01   1.0025599999999999e+00   2.2550600000000001e-01
   2.3800800000000000e+00   1.9634799999999999e-01   5.8889800000000003e-01   1.0047900000000001e+00   2.2499400000000000e-01
   2.3900399999999999e+00   1.9634799999999999e-01   5.8803300000000003e-01   1.0069999999999999e+00   2.2449200000000000e-01
   2.3999999999999999e+00   1.9634799999999999e-01   5.8702399999999999e-01   1.0091699999999999e+00   2.2392699999999999e-01
   2.4100600000000001e+00   1.9634799999999999e-01   5.8849499999999999e-01   1.0113799999999999e+00   2.2345300000000001e-01
   2.4200200000000001e+00   1.9634799999999999e-01   5.9008899999999997e-01   1.0135400000000001e+00   2.2302200000000000e-01
   2.4300799999999998e+00   1.9634799999999999e-01   5.9657700000000002e-01   1.0157400000000001e+00   2.2265599999999999e-01
   2.4400400000000002e+00   1.9634799999999999e-01   6.0300600000000004e-01   1.0179100000000001e+00   2.2217999999999999e-01
   2.4500000000000002e+00   1.9634799999999999e-01   6.0743899999999995e-01   1.0200700000000000e+00   2.2174500000000000e-01
   2.4600599999999999e+00   1.9634799999999999e-01   6.1028499999999997e-01   1.0222300000000000e+00   2.2141100000000000e-01
   2.4700199999999999e+00   1.9634799999999999e-01   6.1120200000000002e-01   1.0243800000000001e+00   2.2116300000000000e-01
   2.4800800000000001e+00   1.9634799999999999e-01   6.1175000000000002e-01   1.0265500000000001e+00   2.2072100000000000e-01
   2.4900400000000000e+00   1.9634799999999999e-01   6.1949500000000002e-01   1.0286900000000001e+00   2.2034999999999999e-01
   2.5000000000000000e+00   1.9634799999999999e-01   6.2386399999999997e-01   1.0308299999999999e+00   2.2008100000000000e-01
   2.5100600000000002e+00   1.9634799999999999e-01   6.2566299999999997e-01   1.0329800000000000e+00   2.1983200000000000e-01
   2.5200200000000001e+00   1.9634799999999999e-01   6.2761000000000000e-01   1.0351200000000000e+00   2.1947000000000000e-01
   2.5300799999999999e+00   1.9634799999999999e-01   6.3276900000000003e-01   1.0372800000000000e+00   2.1919500000000000e-01
   2.5400399999999999e+00   1.9634799999999999e-01   6.3952600000000004e-01   1.0394099999999999e+00   2.1901999999999999e-01
   2.5499999999999998e+00   1.9634799999999999e-01   6.3955600000000001e-01   1.0415500000000000e+00   2.1884999999999999e-01
   2.5600600000000000e+00   1.9634799999999999e-01   6.3883299999999998e-01   1.0437099999999999e+00   2.1858200000000000e-01
   2.5700200000000000e+00   1.9634799999999999e-01   6.4107599999999998e-01   1.0458400000000001e+00   2.1837699999999999e-01
   2.5800800000000002e+00   1.9634799999999999e-01   6.4350600000000002e-01   1.0479799999999999e+00   2.1824700000000000e-01
   2.5900400000000001e+00   1.9634799999999999e-01   6.4353499999999997e-01   1.0501100000000001e+00   2.1809500000000001e-01
   2.6000000000000001e+00   1.9634799999999999e-01   6.4317999999999997e-01   1.0522400000000001e+00   2.1784999999999999e-01
   2.6100599999999998e+00   1.9634799999999999e-01   6.4578700000000000e-01   1.0543899999999999e+00   2.1770100000000001e-01
   2.6200199999999998e+00   1.9634799999999999e-01   6.4692300000000003e-01   1.0565000000000000e+00   2.1759300000000001e-01
   2.6300800000000000e+00   1.9634799999999999e-01   6.4730200000000004e-01   1.0586500000000001e+00   2.1749199999999999e-01
   2.6400399999999999e+00   1.9634799999999999e-01   6.4703500000000003e-01   1.0607700000000000e+00   2.1731400000000001e-01
   2.6499999999999999e+00   1.9634799999999999e-01   6.5075000000000005e-01   1.0629000000000000e+00   2.1720200000000001e-01
   2.6600600000000001e+00   1.9634799999999999e-01   6.5400300000000000e-01   1.0650299999999999e+00   2.1710699999999999e-01
   2.6700200000000001e+00   1.9634799999999999e-01   6.5713400000000000e-01   1.0671500000000000e+00   2.1710900000000000e-01
   2.6800799999999998e+00   1.9634799999999999e-01   6.5935200000000005e-01   1.0692999999999999e+00   2.1697200000000000e-01
   2.6900400000000002e+00   1.9634799999999999e-01   6.6168600000000000e-01   1.0714300000000001e+00   2.1690899999999999e-01
   2.7000000000000002e+00   1.9634799999999999e-01   6.6688199999999997e-01   1.0735500000000000e+00   2.1684999999999999e-01
   2.7100599999999999e+00   1.9634799999999999e-01   6.6864100000000004e-01   1.0756900000000000e+00   2.1689300000000000e-01
   2.7200199999999999e+00   1.9634799999999999e-01   6.7163300000000004e-01   1.0778099999999999e+00   2.1693999999999999e-01
   2.7300800000000001e+00   1.9634799999999999e-01   6.7539700000000003e-01   1.0799600000000000e+00   2.1685699999999999e-01
   2.7400400000000000e+00   1.9634799999999999e-01   6.8034300000000003e-01   1.0820799999999999e+00   2.1677399999999999e-01
   2.7500000000000000e+00   1.9634799999999999e-01   6.8335199999999996e-01   1.0842099999999999e+00   2.1669700000000000e-01
   2.7600600000000002e+00   1.9634799999999999e-01   6.8437099999999995e-01   1.0863600000000000e+00   2.1659800000000001e-01
   2.7700200000000001e+00   1.9634799999999999e-01   6.8616100000000002e-01   1.0885000000000000e+00   2.1655600000000000e-01
   2.7800799999999999e+00   1.9634799999999999e-01   6.8834600000000001e-01   1.0906600000000000e+00   2.1657299999999999e-01
   2.7900399999999999e+00   1.9634799999999999e-01   6.9321100000000002e-01   1.0928000000000000e+00   2.1646299999999999e-01
   2.7999999999999998e+00   1.9634799999999999e-01   6.9576700000000002e-01   1.0949400000000000e+00   2.1639600000000001e-01
   2.8100600000000000e+00   1.9634799999999999e-01   6.9921199999999994e-01   1.0971000000000000e+00   2.1636800000000000e-01
   2.8200200000000000e+00   1.9634799999999999e-01   7.0098000000000005e-01   1.0992500000000001e+00   2.1638900000000000e-01
   2.8300800000000002e+00   1.9634799999999999e-01   6.9977599999999995e-01   1.1014100000000000e+00   2.1640999999999999e-01
   2.8400400000000001e+00   1.9634799999999999e-01   7.0146500000000001e-01   1.1035500000000000e+00   2.1647500000000000e-01
   2.8500000000000001e+00   1.9634799999999999e-01   7.0185200000000003e-01   1.1056999999999999e+00   2.1648800000000001e-01
   2.8600599999999998e+00   1.9634799999999999e-01   7.0319699999999996e-01   1.1078699999999999e+00   2.1646299999999999e-01
   2.8700199999999998e+00   1.9634799999999999e-01   7.0429799999999998e-01   1.1100099999999999e+00   2.1645600000000001e-01
   2.8800800000000000e+00   1.9634799999999999e-01   7.0375100000000002e-01   1.1121799999999999e+00   2.1647300000000000e-01
   2.8900399999999999e+00   1.9634799999999999e-01   7.0224600000000004e-01   1.1143300000000000e+00   2.1649399999999999e-01
   2.8999999999999999e+00   1.9634799999999999e-01   7.0225099999999996e-01   1.1164700000000001e+00   2.1653500000000001e-01
   2.9100600000000001e+00   1.9634799999999999e-01   7.0656600000000003e-01   1.1186300000000000e+00   2.1661100000000000e-01
   2.9200200000000001e+00   1.9634799999999999e-01   7.0684100000000005e-01   1.1207800000000001e+00   2.1664500000000000e-01
   2.9300799999999998e+00   1.9634799999999999e-01   7.0733999999999997e-01   1.1229499999999999e+00   2.1664900000000001e-01
   2.9400400000000002e+00   1.9634799999999999e-01   7.0677599999999996e-01   1.1251100000000001e+00   2.1662400000000001e-01
   2.9500000000000002e+00   1.9634799999999999e-01   7.0699699999999999e-01   1.1272500000000001e+00   2.1660699999999999e-01
   2.9600599999999999e+00   1.9634799999999999e-01   7.0740000000000003e-01   1.1294200000000001e+00   2.1661600000000000e-01
   2.9700199999999999e+00   1.9634799999999999e-01   7.0699000000000001e-01   1.1315700000000000e+00   2.1664500000000000e-01
   2.9800800000000001e+00   1.9634799999999999e-01   7.0898399999999995e-01   1.1337299999999999e+00   2.1670300000000001e-01
   2.9900400000000000e+00   1.9634799999999999e-01   7.1339200000000003e-01   1.1358800000000000e+00   2.1676699999999999e-01
   3.0000000000000000e+00   1.9634799999999999e-01   7.1462099999999995e-01   1.1380300000000001e+00   2.1681500000000001e-01
