   3.1250000000000002e-03   1.9633034999999999e-01   9.9997466000000002e-01   5.0001892999999997e-01   1.1380299999999999e-03
   1.2500000000000001e-02   1.9632842000000000e-01   9.9997004000000000e-01   5.0008335000000004e-01   6.8364500000000000e-03
   2.1874999999999999e-02   1.9632858000000000e-01   9.9996830999999997e-01   5.0018596999999998e-01   1.2714100000000001e-02
   3.1250000000000000e-02   1.9632884000000000e-01   9.9996604000000000e-01   5.0033907000000000e-01   1.8512350000000000e-02
   4.0625000000000001e-02   1.9632941000000001e-01   9.9996401000000001e-01   5.0054281000000000e-01   2.4244700000000001e-02
   5.0000000000000003e-02   1.9632925000000001e-01   9.9996090000000004e-01   5.0079803000000001e-01   2.9912600000000001e-02
   6.2500000000000000e-02   1.9632991000000000e-01   9.9995655999999999e-01   5.0121722000000002e-01   3.7375150000000003e-02
   7.1874999999999994e-02   1.9632985999999999e-01   9.9995429000000002e-01   5.0159072000000005e-01   4.2898739999999998e-02
   8.1250000000000003e-02   1.9633012999999999e-01   9.9995255999999999e-01   5.0201589999999996e-01   4.8368570000000000e-02
   9.0624999999999997e-02   1.9633067000000001e-01   9.9995206000000003e-01   5.0249100000000002e-01   5.3794910000000001e-02
   1.0000000000000001e-01   1.9633104000000001e-01   9.9995212000000000e-01   5.0301417000000004e-01   5.9165200000000001e-02
   1.1250000000000000e-01   1.9633102999999999e-01   9.9995281000000003e-01   5.0379050999999997e-01   6.6238389999999994e-02
   1.2187500000000000e-01   1.9633258000000001e-01   9.9995736999999996e-01   5.0442768999999998e-01   7.1483510000000000e-02
   1.3125000000000001e-01   1.9633244000000000e-01   9.9995778999999996e-01   5.0511251999999995e-01   7.6663560000000006e-02
   1.4062500000000000e-01   1.9633265000000000e-01   9.9995747000000001e-01   5.0584587000000003e-01   8.1792710000000005e-02
   1.4999999999999999e-01   1.9633332000000001e-01   9.9995787000000003e-01   5.0662563000000005e-01   8.6871400000000001e-02
   1.6250000000000001e-01   1.9633206000000000e-01   9.9995727999999995e-01   5.0774156000000004e-01   9.3554440000000003e-02
   1.7187500000000000e-01   1.9633291000000000e-01   9.9995595999999998e-01   5.0863197999999998e-01   9.8509949999999999e-02
   1.8124999999999999e-01   1.9633286999999999e-01   9.9995464999999994e-01   5.0956657999999999e-01   1.0341845000000000e-01
   1.9062499999999999e-01   1.9633300000000001e-01   9.9995482000000002e-01   5.1054467000000003e-01   1.0827075000000000e-01
   2.0000000000000001e-01   1.9633164000000000e-01   9.9995484000000001e-01   5.1157262999999997e-01   1.1305211000000000e-01
   2.1249999999999999e-01   1.9633350999999999e-01   9.9995451000000002e-01   5.1300626999999999e-01   1.1936102000000000e-01
   2.2187499999999999e-01   1.9633389000000001e-01   9.9995089000000004e-01   5.1412886999999996e-01   1.2402562000000000e-01
   2.3125000000000001e-01   1.9633535999999999e-01   9.9994941999999998e-01   5.1529172000000001e-01   1.2864167000000001e-01
   2.4062500000000001e-01   1.9633565000000000e-01   9.9994464000000005e-01   5.1650004000000005e-01   1.3319395000000001e-01
   2.5000000000000000e-01   1.9633522000000000e-01   9.9993920999999997e-01   5.1775024999999997e-01   1.3767921999999999e-01
   2.6250000000000001e-01   1.9633450999999999e-01   9.9993518000000003e-01   5.1948548000000005e-01   1.4353937999999999e-01
   2.7187499999999998e-01   1.9633529999999999e-01   9.9992597999999999e-01   5.2083413999999995e-01   1.4788455000000000e-01
   2.8125000000000000e-01   1.9633685000000001e-01   9.9991832000000003e-01   5.2221594999999998e-01   1.5216900999999999e-01
   2.9062500000000002e-01   1.9633460999999999e-01   9.9990416999999998e-01   5.2364222999999999e-01   1.5636774000000001e-01
   2.9999999999999999e-01   1.9633556999999999e-01   9.9989488000000004e-01   5.2510345999999997e-01   1.6050070000000000e-01
   3.1250000000000000e-01   1.9633645000000000e-01   9.9987523000000000e-01   5.2710515000000002e-01   1.6591169000000000e-01
   3.2187500000000002e-01   1.9633464000000000e-01   9.9985232000000002e-01   5.2865388999999996e-01   1.6987753000000000e-01
   3.3124999999999999e-01   1.9633361999999999e-01   9.9982908000000004e-01   5.3024707000000004e-01   1.7373300999999999e-01
   3.4062500000000001e-01   1.9633702000000000e-01   9.9980787999999998e-01   5.3186970000000000e-01   1.7754687000000000e-01
   3.4999999999999998e-01   1.9633718000000000e-01   9.9977572000000003e-01   5.3352381999999998e-01   1.8128412999999999e-01
   3.6249999999999999e-01   1.9633776000000000e-01   9.9972382999999998e-01   5.3577792999999996e-01   1.8615192000000000e-01
   3.7187500000000001e-01   1.9633821000000001e-01   9.9967857999999998e-01   5.3750321999999995e-01   1.8970799999999999e-01
   3.8124999999999998e-01   1.9633566000000000e-01   9.9962344000000003e-01   5.3926936000000003e-01   1.9313395000000000e-01
   3.9062500000000000e-01   1.9633407000000000e-01   9.9955665999999999e-01   5.4107335000000001e-01   1.9645979000000000e-01
   4.0000000000000002e-01   1.9633766000000000e-01   9.9948930000000002e-01   5.4290137999999999e-01   1.9973789000000000e-01
   4.1249999999999998e-01   1.9633914000000000e-01   9.9937814999999997e-01   5.4537731000000000e-01   2.0396252000000001e-01
   4.2187500000000000e-01   1.9634025999999999e-01   9.9928317000000000e-01   5.4726702000000005e-01   2.0702253000000001e-01
   4.3125000000000002e-01   1.9633642000000001e-01   9.9915821999999999e-01   5.4919262999999996e-01   2.0993621000000001e-01
   4.4062499999999999e-01   1.9633924000000000e-01   9.9902486999999995e-01   5.5113966999999997e-01   2.1278954000000000e-01
   4.5000000000000001e-01   1.9633817000000001e-01   9.9888021000000005e-01   5.5311131000000002e-01   2.1554374000000001e-01
   4.6250000000000002e-01   1.9633890000000001e-01   9.9865873000000005e-01   5.5577346000000005e-01   2.1907096000000001e-01
   4.7187499999999999e-01   1.9633523000000000e-01   9.9847448999999999e-01   5.5780996000000005e-01   2.2153236000000001e-01
   4.8125000000000001e-01   1.9633792000000000e-01   9.9825478999999995e-01   5.5987058000000001e-01   2.2393083999999999e-01
   4.9062499999999998e-01   1.9633871000000000e-01   9.9800551000000004e-01   5.6194465999999998e-01   2.2623783000000000e-01
   5.0000000000000000e-01   1.9634071000000000e-01   9.9773701000000004e-01   5.6403382999999996e-01   2.2845610000000000e-01
   5.1249999999999996e-01   1.9633819999999999e-01   9.9730642999999997e-01   5.6686263000000003e-01   2.3115280999999999e-01
   5.2187499999999998e-01   1.9633839000000000e-01   9.9695113999999996e-01   5.6899997999999996e-01   2.3309229000000001e-01
   5.3125000000000000e-01   1.9634050000000000e-01   9.9655987999999995e-01   5.7114865000000004e-01   2.3495114000000000e-01
   5.4062500000000002e-01   1.9633566999999999e-01   9.9612712999999997e-01   5.7332603999999998e-01   2.3663597000000000e-01
   5.5000000000000004e-01   1.9633639000000000e-01   9.9564582999999995e-01   5.7552406000000000e-01   2.3822771000000001e-01
   5.6250000000000000e-01   1.9634051999999999e-01   9.9495396000000003e-01   5.7846458000000001e-01   2.4025167000000000e-01
   5.7187500000000002e-01   1.9633418999999999e-01   9.9435916999999996e-01   5.8069081000000000e-01   2.4160282000000000e-01
   5.8125000000000004e-01   1.9633587000000000e-01   9.9369722999999999e-01   5.8293295999999994e-01   2.4284961999999999e-01
   5.9062499999999996e-01   1.9633974000000001e-01   9.9299282000000000e-01   5.8517629000000004e-01   2.4404406000000001e-01
   5.9999999999999998e-01   1.9633756999999999e-01   9.9223726000000001e-01   5.8742846999999998e-01   2.4516549000000001e-01
   6.1250000000000004e-01   1.9633708000000000e-01   9.9109924999999999e-01   5.9046500000000002e-01   2.4636478000000001e-01
   6.2187499999999996e-01   1.9634335000000000e-01   9.9018110999999998e-01   5.9274013000000003e-01   2.4726249000000000e-01
   6.3124999999999998e-01   1.9633555000000000e-01   9.8920160999999995e-01   5.9501981999999998e-01   2.4807525000000000e-01
   6.4062500000000000e-01   1.9633391000000000e-01   9.8812933000000003e-01   5.9732430000000003e-01   2.4865206000000001e-01
   6.5000000000000002e-01   1.9633750999999999e-01   9.8699024999999996e-01   5.9962945999999995e-01   2.4926206000000001e-01
   6.6249999999999998e-01   1.9633775000000001e-01   9.8539480000000002e-01   6.0269607999999997e-01   2.4998265000000000e-01
   6.7187500000000000e-01   1.9633281000000000e-01   9.8408673000000002e-01   6.0502177999999995e-01   2.5032854999999998e-01
   6.8125000000000002e-01   1.9633663000000001e-01   9.8271856999999996e-01   6.0734597000000001e-01   2.5067931999999998e-01
   6.9062500000000004e-01   1.9633606000000001e-01   9.8126667999999995e-01   6.0966695999999998e-01   2.5097856000000002e-01
   6.9999999999999996e-01   1.9633845999999999e-01   9.7973392999999998e-01   6.1198461999999998e-01   2.5120660000000000e-01
   7.1250000000000002e-01   1.9633334000000000e-01   9.7759021000000002e-01   6.1508834999999995e-01   2.5137175000000000e-01
   7.2187500000000004e-01   1.9633568000000001e-01   9.7588523000000005e-01   6.1742008000000004e-01   2.5141094000000003e-01
   7.3124999999999996e-01   1.9633624000000000e-01   9.7409604000000005e-01   6.1974766999999997e-01   2.5142390999999997e-01
   7.4062499999999998e-01   1.9633802000000000e-01   9.7224306000000005e-01   6.2206952000000004e-01   2.5140278999999999e-01
   7.5000000000000000e-01   1.9633828000000000e-01   9.7030722999999997e-01   6.2438965999999996e-01   2.5132380999999998e-01
   7.6249999999999996e-01   1.9633459000000000e-01   9.6763893999999995e-01   6.2749244999999998e-01   2.5108381000000002e-01
   7.7187499999999998e-01   1.9633534000000000e-01   9.6555084000000002e-01   6.2981834999999997e-01   2.5088073000000000e-01
   7.8125000000000000e-01   1.9633558000000001e-01   9.6338720000000000e-01   6.3214230999999999e-01   2.5064969999999998e-01
   7.9062500000000002e-01   1.9633814999999999e-01   9.6117231999999997e-01   6.3445963999999999e-01   2.5039484000000001e-01
   8.0000000000000004e-01   1.9633676999999999e-01   9.5890059999999999e-01   6.3677552000000004e-01   2.5009513999999999e-01
   8.1250000000000000e-01   1.9633218000000000e-01   9.5578609000000003e-01   6.3986695999999998e-01   2.4959308999999999e-01
   8.2187500000000002e-01   1.9633392999999999e-01   9.5340031000000003e-01   6.4218206000000000e-01   2.4917908000000000e-01
   8.3125000000000004e-01   1.9633369000000001e-01   9.5094571999999999e-01   6.4449265000000000e-01   2.4875627000000000e-01
   8.4062499999999996e-01   1.9633587999999999e-01   9.4844638000000003e-01   6.4679920999999996e-01   2.4833335000000001e-01
   8.4999999999999998e-01   1.9633613000000000e-01   9.4586937999999998e-01   6.4909662999999995e-01   2.4789749000000000e-01
   8.6250000000000004e-01   1.9633560999999999e-01   9.4236386999999999e-01   6.5215150000000000e-01   2.4729791000000001e-01
   8.7187499999999996e-01   1.9633268000000001e-01   9.3972920999999998e-01   6.5444477999999995e-01   2.4676127000000000e-01
   8.8124999999999998e-01   1.9633399000000001e-01   9.3705930999999998e-01   6.5673132000000001e-01   2.4621730000000000e-01
   8.9062500000000000e-01   1.9633445999999999e-01   9.3434664000000001e-01   6.5901463999999998e-01   2.4568682000000000e-01
   9.0000000000000002e-01   1.9633713000000000e-01   9.3159934000000000e-01   6.6128748999999998e-01   2.4514896000000000e-01
   9.1249999999999998e-01   1.9633695000000001e-01   9.2782938000000004e-01   6.6430710000000004e-01   2.4442573000000001e-01
   9.2187500000000000e-01   1.9633605000000001e-01   9.2498062000000003e-01   6.6656375999999995e-01   2.4387839000000000e-01
   9.3125000000000002e-01   1.9633170999999999e-01   9.2211796999999995e-01   6.6881944000000004e-01   2.4329679000000001e-01
   9.4062500000000004e-01   1.9633215000000001e-01   9.1930208000000002e-01   6.7107992000000005e-01   2.4266233000000001e-01
   9.4999999999999996e-01   1.9633294000000001e-01   9.1643911000000000e-01   6.7333040000000000e-01   2.4206864000000000e-01
   9.6250000000000002e-01   1.9633445999999999e-01   9.1258388999999995e-01   6.7632020999999998e-01   2.4129729999999999e-01
   9.7187500000000004e-01   1.9633591000000000e-01   9.0966628999999999e-01   6.7855346999999999e-01   2.4072499000000000e-01
   9.8124999999999996e-01   1.9633286000000000e-01   9.0675121000000003e-01   6.8078097999999998e-01   2.4012797000000000e-01
   9.9062499999999998e-01   1.9633457000000001e-01   9.0382958000000002e-01   6.8300243000000005e-01   2.3953420000000000e-01
   1.0000000000000000e+00   1.9633289000000001e-01   9.0089067000000000e-01   6.8522114999999995e-01   2.3894244000000001e-01
   1.0125000000000000e+00   1.9633164000000000e-01   8.9705259999999998e-01   6.8818221000000002e-01   2.3807855999999999e-01
   1.0218750000000001e+00   1.9633157000000001e-01   8.9415127999999999e-01   6.9039494000000001e-01   2.3747816999999999e-01
   1.0312500000000000e+00   1.9633164000000000e-01   8.9124186000000005e-01   6.9260087000000004e-01   2.3690760999999999e-01
   1.0406249999999999e+00   1.9633297000000000e-01   8.8832597999999996e-01   6.9479703999999998e-01   2.3635121000000001e-01
   1.0500000000000000e+00   1.9633680000000001e-01   8.8539593999999999e-01   6.9697989999999999e-01   2.3580091000000000e-01
   1.0625000000000000e+00   1.9633434999999999e-01   8.8149458999999997e-01   6.9988888999999999e-01   2.3506810000000000e-01
   1.0718749999999999e+00   1.9633402000000000e-01   8.7857565000000004e-01   7.0206360000000001e-01   2.3454696999999999e-01
   1.0812500000000000e+00   1.9633110000000001e-01   8.7568687000000001e-01   7.0423707999999996e-01   2.3398107000000001e-01
   1.0906250000000000e+00   1.9633160999999999e-01   8.7284899999999999e-01   7.0641043000000003e-01   2.3338803999999999e-01
   1.1000000000000001e+00   1.9633290000000000e-01   8.7000560999999998e-01   7.0857371999999996e-01   2.3282905000000001e-01
   1.1125000000000000e+00   1.9633381999999999e-01   8.6620114000000004e-01   7.1144556000000003e-01   2.3213080999999999e-01
   1.1218750000000000e+00   1.9633225000000001e-01   8.6334935000000002e-01   7.1359309999999998e-01   2.3160510000000001e-01
   1.1312500000000001e+00   1.9633455999999999e-01   8.6052023000000000e-01   7.1573597000000000e-01   2.3111487000000000e-01
   1.1406250000000000e+00   1.9633733000000000e-01   8.5767616000000002e-01   7.1786965999999997e-01   2.3064858999999999e-01
   1.1499999999999999e+00   1.9633486000000000e-01   8.5482122000000005e-01   7.2000027000000000e-01   2.3020861000000001e-01
   1.1625000000000001e+00   1.9633285000000000e-01   8.5105960999999997e-01   7.2283226000000000e-01   2.2961970000000001e-01
   1.1718750000000000e+00   1.9633191000000000e-01   8.4833000000000003e-01   7.2496212000000004e-01   2.2911889999999999e-01
   1.1812499999999999e+00   1.9633280000000000e-01   8.4559846000000005e-01   7.2708578000000001e-01   2.2867593000000000e-01
   1.1906250000000000e+00   1.9633158000000001e-01   8.4287162999999998e-01   7.2920492999999997e-01   2.2825122000000000e-01
   1.2000000000000000e+00   1.9633208999999999e-01   8.4018090000000001e-01   7.3132288999999995e-01   2.2787822999999999e-01
   1.2124999999999999e+00   1.9633302000000000e-01   8.3661965000000005e-01   7.3413499999999998e-01   2.2740420000000000e-01
   1.2218750000000000e+00   1.9633222000000000e-01   8.3394840000000003e-01   7.3623764999999997e-01   2.2704060000000001e-01
   1.2312500000000000e+00   1.9633380000000000e-01   8.3128331000000000e-01   7.3833698999999997e-01   2.2670170000000001e-01
   1.2406250000000001e+00   1.9633354000000000e-01   8.2863810999999998e-01   7.4043327999999997e-01   2.2637771000000001e-01
   1.2500000000000000e+00   1.9633305000000001e-01   8.2601875000000002e-01   7.4252589000000002e-01   2.2607193000000000e-01
   1.2625000000000000e+00   1.9633012999999999e-01   8.2265732999999996e-01   7.4532706999999998e-01   2.2558866999999999e-01
   1.2718750000000001e+00   1.9632873000000001e-01   8.2016250999999996e-01   7.4742430000000004e-01   2.2525756999999999e-01
   1.2812500000000000e+00   1.9633079000000001e-01   8.1766693999999995e-01   7.4951495000000001e-01   2.2497555999999999e-01
   1.2906249999999999e+00   1.9633201000000000e-01   8.1516533999999996e-01   7.5159986000000001e-01   2.2474023000000001e-01
   1.3000000000000000e+00   1.9633205000000001e-01   8.1268404999999999e-01   7.5368296999999995e-01   2.2451119000000000e-01
   1.3125000000000000e+00   1.9633284000000001e-01   8.0941227999999998e-01   7.5645775999999998e-01   2.2425244999999999e-01
   1.3218749999999999e+00   1.9633318000000000e-01   8.0695994999999998e-01   7.5853018999999999e-01   2.2408728999999999e-01
   1.3312500000000000e+00   1.9633477999999999e-01   8.0451061999999995e-01   7.6059286000000004e-01   2.2394454999999999e-01
   1.3406250000000000e+00   1.9633324999999999e-01   8.0209385000000000e-01   7.6266341999999998e-01   2.2378497000000000e-01
   1.3500000000000001e+00   1.9633307999999999e-01   7.9969257000000005e-01   7.6473024999999994e-01   2.2365628000000001e-01
   1.3625000000000000e+00   1.9633167000000001e-01   7.9662244999999998e-01   7.6749608000000002e-01   2.2338541000000001e-01
   1.3718750000000000e+00   1.9633252000000001e-01   7.9431350000000001e-01   7.6956405999999999e-01   2.2324110000000000e-01
   1.3812500000000001e+00   1.9633207000000000e-01   7.9201571999999998e-01   7.7162624999999996e-01   2.2312978999999999e-01
   1.3906250000000000e+00   1.9633419999999999e-01   7.8974467000000004e-01   7.7368736999999999e-01   2.2305145000000001e-01
   1.3999999999999999e+00   1.9633333000000000e-01   7.8747425000000004e-01   7.7574854000000004e-01   2.2298109999999999e-01
   1.4125000000000001e+00   1.9633750999999999e-01   7.8446220000000000e-01   7.7848748999999995e-01   2.2292849000000001e-01
   1.4218750000000000e+00   1.9633416000000001e-01   7.8219784000000003e-01   7.8054420000000002e-01   2.2290217000000001e-01
   1.4312499999999999e+00   1.9633516000000001e-01   7.7996692999999995e-01   7.8259813000000000e-01   2.2292753000000001e-01
   1.4406250000000000e+00   1.9633492000000000e-01   7.7774188000000000e-01   7.8465132999999998e-01   2.2296661000000001e-01
   1.4500000000000000e+00   1.9633460000000000e-01   7.7550408999999998e-01   7.8670293999999996e-01   2.2303113999999999e-01
   1.4624999999999999e+00   1.9633260999999999e-01   7.7264979000000000e-01   7.8945184000000002e-01   2.2305170999999999e-01
   1.4718750000000000e+00   1.9633205000000001e-01   7.7054551000000004e-01   7.9151364999999996e-01   2.2310298000000001e-01
   1.4812500000000000e+00   1.9633222000000000e-01   7.6847644000000004e-01   7.9358015000000004e-01   2.2319507000000000e-01
   1.4906250000000001e+00   1.9633265000000000e-01   7.6640410000000003e-01   7.9564356999999997e-01   2.2335173999999999e-01
   1.5000000000000000e+00   1.9633129999999999e-01   7.6431241999999999e-01   7.9770364999999999e-01   2.2348280000000001e-01
   1.5125000000000000e+00   1.9633101999999999e-01   7.6169620000000005e-01   8.0046664999999995e-01   2.2360972000000001e-01
   1.5218750000000001e+00   1.9633201000000000e-01   7.5971469999999997e-01   8.0253514000000004e-01   2.2374041000000000e-01
   1.5312500000000000e+00   1.9633349000000000e-01   7.5772269000000003e-01   8.0460317000000003e-01   2.2390363999999999e-01
   1.5406249999999999e+00   1.9633550000000000e-01   7.5572620999999995e-01   8.0666636999999997e-01   2.2414603000000000e-01
   1.5500000000000000e+00   1.9633438000000000e-01   7.5372620999999995e-01   8.0873265000000005e-01   2.2436295000000001e-01
   1.5625000000000000e+00   1.9633481000000000e-01   7.5107533999999998e-01   8.1148527999999998e-01   2.2470794999999999e-01
   1.5718749999999999e+00   1.9633291999999999e-01   7.4918158999999995e-01   8.1355529999999998e-01   2.2493568999999999e-01
   1.5812500000000000e+00   1.9633032000000000e-01   7.4743303000000005e-01   8.1564042999999997e-01   2.2508702000000000e-01
   1.5906250000000000e+00   1.9633191000000000e-01   7.4564887999999996e-01   8.1772663999999995e-01   2.2531656999999999e-01
   1.6000000000000001e+00   1.9633434999999999e-01   7.4384541000000004e-01   8.1980695999999997e-01   2.2563422000000000e-01
   1.6125000000000000e+00   1.9633248000000000e-01   7.4142532000000005e-01   8.2258617000000001e-01   2.2599664999999999e-01
   1.6218750000000000e+00   1.9633397000000000e-01   7.3965996000000001e-01   8.2467084999999996e-01   2.2633819999999999e-01
   1.6312500000000001e+00   1.9633565000000000e-01   7.3779923000000003e-01   8.2675111000000001e-01   2.2670192000000000e-01
   1.6406250000000000e+00   1.9633716000000001e-01   7.3592528999999995e-01   8.2882900000000004e-01   2.2706610999999999e-01
   1.6499999999999999e+00   1.9633824999999999e-01   7.3402692999999997e-01   8.3090807000000000e-01   2.2748677000000000e-01
   1.6625000000000001e+00   1.9633950000000000e-01   7.3149187000000004e-01   8.3367473000000003e-01   2.2807321000000000e-01
   1.6718750000000000e+00   1.9633160999999999e-01   7.2991680000000003e-01   8.3578288999999995e-01   2.2829119000000000e-01
   1.6812499999999999e+00   1.9633323999999999e-01   7.2833729999999997e-01   8.3789044999999995e-01   2.2857453999999999e-01
   1.6906250000000000e+00   1.9633350999999999e-01   7.2669114999999995e-01   8.3999681999999998e-01   2.2898956000000001e-01
   1.7000000000000000e+00   1.9633327000000000e-01   7.2503949000000001e-01   8.4210761999999995e-01   2.2941835999999999e-01
   1.7124999999999999e+00   1.9633496000000000e-01   7.2283503000000005e-01   8.4492175000000003e-01   2.3005326000000001e-01
   1.7218750000000000e+00   1.9633548000000001e-01   7.2110125999999997e-01   8.4703603000000005e-01   2.3057014000000001e-01
   1.7312500000000000e+00   1.9633738000000001e-01   7.1938703999999998e-01   8.4914836999999999e-01   2.3107411000000000e-01
   1.7406250000000001e+00   1.9633745000000000e-01   7.1764492999999996e-01   8.5126599000000003e-01   2.3167747999999999e-01
   1.7500000000000000e+00   1.9633654000000000e-01   7.1595909000000002e-01   8.5338491999999999e-01   2.3231125000000000e-01
   1.7625000000000000e+00   1.9633663000000001e-01   7.1380589000000005e-01   8.5622213000000003e-01   2.3311134999999999e-01
   1.7718750000000001e+00   1.9632880999999999e-01   7.1220691999999997e-01   8.5837637000000000e-01   2.3335628000000000e-01
   1.7812500000000000e+00   1.9632944999999999e-01   7.1082003999999999e-01   8.6054333000000005e-01   2.3357110000000000e-01
   1.7906249999999999e+00   1.9633020000000001e-01   7.0960846000000000e-01   8.6270921000000000e-01   2.3394486000000000e-01
   1.8000000000000000e+00   1.9633118999999999e-01   7.0824043999999997e-01   8.6487415000000001e-01   2.3451944999999999e-01
   1.8125000000000000e+00   1.9633589000000001e-01   7.0632656000000005e-01   8.6775707000000002e-01   2.3527797000000000e-01
   1.8218749999999999e+00   1.9633681000000000e-01   7.0475052000000005e-01   8.6992283999999998e-01   2.3591061999999999e-01
   1.8312500000000000e+00   1.9633080999999999e-01   7.0308733999999995e-01   8.7210052999999998e-01   2.3650307000000001e-01
   1.8406250000000000e+00   1.9633148000000000e-01   7.0143469999999997e-01   8.7428539000000005e-01   2.3700494000000000e-01
   1.8500000000000001e+00   1.9633396000000000e-01   6.9978428999999998e-01   8.7646941000000000e-01   2.3766430000000000e-01
   1.8625000000000000e+00   1.9633481000000000e-01   6.9769506999999997e-01   8.7936446000000001e-01   2.3813698000000000e-01
   1.8718750000000000e+00   1.9633233000000000e-01   6.9603166999999999e-01   8.8156241000000002e-01   2.3843336000000001e-01
   1.8812500000000001e+00   1.9633350999999999e-01   6.9439536999999996e-01   8.8376299000000003e-01   2.3904112999999999e-01
   1.8906250000000000e+00   1.9634159000000001e-01   6.9297914999999999e-01   8.8594128999999999e-01   2.3978440000000001e-01
   1.8999999999999999e+00   1.9634220999999999e-01   6.9134355000000003e-01   8.8811963999999999e-01   2.4042408000000001e-01
   1.9125000000000001e+00   1.9633162000000001e-01   6.8905105000000000e-01   8.9107990999999998e-01   2.4129953000000001e-01
   1.9218750000000000e+00   1.9633070999999999e-01   6.8749642000000000e-01   8.9330562000000002e-01   2.4191077000000000e-01
   1.9312499999999999e+00   1.9633734000000000e-01   6.8616615000000003e-01   8.9552847999999996e-01   2.4218854000000001e-01
   1.9406250000000000e+00   1.9633194000000001e-01   6.8474513999999997e-01   8.9775452000000000e-01   2.4224802000000001e-01
   1.9500000000000000e+00   1.9632897999999999e-01   6.8342484000000003e-01   8.9999746999999997e-01   2.4257076000000000e-01
   1.9624999999999999e+00   1.9633505000000001e-01   6.8115097000000002e-01   9.0298418000000003e-01   2.4334576999999999e-01
   1.9718750000000000e+00   1.9633974000000001e-01   6.7967049000000002e-01   9.0521412999999995e-01   2.4390798999999999e-01
   1.9812500000000000e+00   1.9633528000000000e-01   6.7805497999999997e-01   9.0745310000000001e-01   2.4398043999999999e-01
   1.9906250000000001e+00   1.9633075000000000e-01   6.7599200999999998e-01   9.0970868999999999e-01   2.4385818000000001e-01
   2.0000000000000000e+00   1.9633787999999999e-01   6.7438403999999996e-01   9.1194688000000002e-01   2.4373712000000000e-01
   2.0125000000000002e+00   1.9634276000000001e-01   6.7164520999999999e-01   9.1491522000000003e-01   2.4377487000000000e-01
   2.0218750000000001e+00   1.9633187999999999e-01   6.6867834000000004e-01   9.1715437000000000e-01   2.4362407000000000e-01
   2.0312500000000000e+00   1.9634134000000000e-01   6.6546846999999998e-01   9.1936890999999998e-01   2.4317189000000000e-01
   2.0406249999999999e+00   1.9633732000000001e-01   6.6360735999999998e-01   9.2159747000000003e-01   2.4262755000000000e-01
   2.0499999999999998e+00   1.9634146000000000e-01   6.6109530000000005e-01   9.2380761000000000e-01   2.4217775000000000e-01
   2.0625000000000000e+00   1.9633434999999999e-01   6.5728618000000005e-01   9.2677266999999997e-01   2.4131617000000000e-01
   2.0718749999999999e+00   1.9633669000000001e-01   6.5476833999999995e-01   9.2898082999999998e-01   2.4061183000000000e-01
   2.0812499999999998e+00   1.9633517000000000e-01   6.5229747000000005e-01   9.3118913000000003e-01   2.3992342999999999e-01
   2.0906250000000002e+00   1.9633666000000000e-01   6.4968687000000003e-01   9.3338381999999998e-01   2.3930509999999999e-01
   2.1000000000000001e+00   1.9633893999999999e-01   6.4699598000000003e-01   9.3557749999999995e-01   2.3801966999999999e-01
   2.1124999999999998e+00   1.9634347999999999e-01   6.4356177999999997e-01   9.3845579000000001e-01   2.3645593000000001e-01
   2.1218750000000002e+00   1.9633761999999999e-01   6.4111867000000000e-01   9.4061554000000003e-01   2.3548857000000001e-01
   2.1312500000000001e+00   1.9633671000000000e-01   6.3871871999999996e-01   9.4277341999999997e-01   2.3466194000000001e-01
   2.1406250000000000e+00   1.9633407999999999e-01   6.3636736999999999e-01   9.4494036999999997e-01   2.3385600000000001e-01
   2.1499999999999999e+00   1.9633542000000001e-01   6.3344420000000001e-01   9.4709498999999997e-01   2.3325244000000001e-01
   2.1625000000000001e+00   1.9633341000000001e-01   6.3057879999999999e-01   9.4996656999999995e-01   2.3210744999999999e-01
   2.1718750000000000e+00   1.9633535999999999e-01   6.2832374000000002e-01   9.5210465000000000e-01   2.3106317000000001e-01
   2.1812499999999999e+00   1.9633691000000000e-01   6.2593852999999999e-01   9.5422941999999999e-01   2.3028092999999999e-01
   2.1906249999999998e+00   1.9633453000000001e-01   6.2348782000000003e-01   9.5634353999999999e-01   2.2938613999999999e-01
   2.2000000000000002e+00   1.9633622000000001e-01   6.2091328000000001e-01   9.5845895999999997e-01   2.2856849000000001e-01
   2.2124999999999999e+00   1.9634159000000001e-01   6.1759695999999997e-01   9.6124476999999997e-01   2.2761368000000001e-01
   2.2218749999999998e+00   1.9634270000000001e-01   6.1499095999999998e-01   9.6332286000000000e-01   2.2672650000000000e-01
   2.2312500000000002e+00   1.9634120999999999e-01   6.1219482000000003e-01   9.6539761999999996e-01   2.2612204000000000e-01
   2.2406250000000001e+00   1.9633853000000001e-01   6.0951283999999994e-01   9.6746644999999998e-01   2.2531570000000001e-01
   2.2500000000000000e+00   1.9633732000000001e-01   6.0680314000000002e-01   9.6953995000000004e-01   2.2473969999999999e-01
   2.2625000000000002e+00   1.9634523000000001e-01   6.0321071999999998e-01   9.7227377000000004e-01   2.2399134000000001e-01
   2.2718750000000001e+00   1.9634581000000001e-01   6.0029432000000005e-01   9.7432264000000002e-01   2.2346593000000001e-01
   2.2812500000000000e+00   1.9634423000000001e-01   5.9746467999999997e-01   9.7636539000000000e-01   2.2310547999999999e-01
   2.2906249999999999e+00   1.9634480000000001e-01   5.9461109999999995e-01   9.7840497000000004e-01   2.2272532000000000e-01
   2.2999999999999998e+00   1.9634367999999999e-01   5.9156666000000002e-01   9.8043908000000002e-01   2.2216596000000000e-01
   2.3125000000000000e+00   1.9635732000000000e-01   5.8740811999999998e-01   9.8309497999999995e-01   2.2145252000000001e-01
   2.3218749999999999e+00   1.9634867000000000e-01   5.8288532999999998e-01   9.8510841999999998e-01   2.2091870999999999e-01
   2.3312499999999998e+00   1.9634937000000000e-01   5.8025293000000000e-01   9.8711528000000004e-01   2.2009817000000001e-01
   2.3406250000000002e+00   1.9634920000000000e-01   5.7780818000000000e-01   9.8911693000000001e-01   2.1945379000000001e-01
   2.3500000000000001e+00   1.9634277999999999e-01   5.7609237000000002e-01   9.9112714000000002e-01   2.1885937000000000e-01
   2.3624999999999998e+00   1.9634201000000001e-01   5.7224465999999996e-01   9.9380489000000005e-01   2.1800457000000001e-01
   2.3718750000000002e+00   1.9634003999999999e-01   5.6857570999999996e-01   9.9580480999999998e-01   2.1737823000000001e-01
   2.3812500000000001e+00   1.9633954000000001e-01   5.6487476000000003e-01   9.9782402999999997e-01   2.1675504000000001e-01
   2.3906250000000000e+00   1.9633860000000000e-01   5.6281108000000002e-01   9.9982853999999999e-01   2.1589390999999999e-01
   2.3999999999999999e+00   1.9634304999999999e-01   5.6067204000000004e-01   1.0018080300000001e+00   2.1521190000000001e-01
   2.4125000000000001e+00   1.9634230000000000e-01   5.5904482000000000e-01   1.0044475300000000e+00   2.1449744000000001e-01
   2.4218750000000000e+00   1.9633117000000000e-01   5.5744373000000003e-01   1.0064347400000000e+00   2.1402715999999999e-01
   2.4312499999999999e+00   1.9633858000000001e-01   5.5590487000000000e-01   1.0084086800000001e+00   2.1345902000000000e-01
   2.4406249999999998e+00   1.9633647000000001e-01   5.5409595000000000e-01   1.0103763600000000e+00   2.1301296000000000e-01
   2.4500000000000002e+00   1.9633871000000000e-01   5.5196626999999998e-01   1.0123421500000001e+00   2.1271038000000000e-01
   2.4624999999999999e+00   1.9634257999999999e-01   5.4930679999999998e-01   1.0149563399999999e+00   2.1246783999999999e-01
   2.4718749999999998e+00   1.9633566999999999e-01   5.4732930000000002e-01   1.0169217800000001e+00   2.1227836999999999e-01
   2.4812500000000002e+00   1.9634230000000000e-01   5.4527610000000004e-01   1.0188780399999999e+00   2.1216363999999999e-01
   2.4906250000000001e+00   1.9635084000000000e-01   5.4132917000000003e-01   1.0208211000000000e+00   2.1199875000000001e-01
   2.5000000000000000e+00   1.9634251000000000e-01   5.3915988999999997e-01   1.0227799300000000e+00   2.1185815999999999e-01
   2.5125000000000002e+00   1.9634150000000000e-01   5.3697828999999997e-01   1.0253967700000000e+00   2.1151748000000001e-01
   2.5218750000000001e+00   1.9634451999999999e-01   5.3521408000000004e-01   1.0273364899999999e+00   2.1140038000000000e-01
   2.5312500000000000e+00   1.9634968000000000e-01   5.3345123000000005e-01   1.0292598399999999e+00   2.1123855000000000e-01
   2.5406249999999999e+00   1.9634456000000000e-01   5.3122170999999996e-01   1.0312005200000001e+00   2.1111970999999999e-01
   2.5499999999999998e+00   1.9634742999999999e-01   5.2930043999999998e-01   1.0331430800000001e+00   2.1095015000000000e-01
   2.5625000000000000e+00   1.9634494999999999e-01   5.2644230000000003e-01   1.0357382500000001e+00   2.1067132000000000e-01
   2.5718749999999999e+00   1.9634145000000000e-01   5.2502713000000001e-01   1.0376957300000000e+00   2.1049398999999999e-01
   2.5812499999999998e+00   1.9634726000000000e-01   5.2314240000000001e-01   1.0396364199999999e+00   2.1034164000000000e-01
   2.5906250000000002e+00   1.9634225000000000e-01   5.2077523000000003e-01   1.0415813100000000e+00   2.0994244000000001e-01
   2.6000000000000001e+00   1.9633986000000000e-01   5.1886650999999995e-01   1.0435313500000001e+00   2.0962507999999999e-01
   2.6124999999999998e+00   1.9633886000000000e-01   5.1631901000000002e-01   1.0461067399999999e+00   2.0927796000000001e-01
   2.6218750000000002e+00   1.9634431999999999e-01   5.1549898999999999e-01   1.0480276700000000e+00   2.0910940000000000e-01
   2.6312500000000001e+00   1.9633564000000001e-01   5.1450479000000005e-01   1.0499596800000000e+00   2.0888127000000001e-01
   2.6406250000000000e+00   1.9633726000000001e-01   5.1440936000000004e-01   1.0518914399999999e+00   2.0875270000000001e-01
   2.6499999999999999e+00   1.9633713999999999e-01   5.1460819999999996e-01   1.0538244000000001e+00   2.0869088000000000e-01
   2.6625000000000001e+00   1.9633423999999999e-01   5.1349188999999995e-01   1.0564085500000000e+00   2.0847062000000000e-01
   2.6718750000000000e+00   1.9633508000000000e-01   5.1196096000000002e-01   1.0583448300000000e+00   2.0840569000000000e-01
   2.6812499999999999e+00   1.9633733000000000e-01   5.1012725000000003e-01   1.0602804800000001e+00   2.0839245000000001e-01
   2.6906249999999998e+00   1.9633286000000000e-01   5.0854451000000001e-01   1.0622291900000000e+00   2.0832044000000000e-01
   2.7000000000000002e+00   1.9633395000000001e-01   5.0627902999999996e-01   1.0641603200000000e+00   2.0826264999999999e-01
   2.7124999999999999e+00   1.9634461000000000e-01   5.0429964999999999e-01   1.0667146599999999e+00   2.0823695000000000e-01
   2.7218749999999998e+00   1.9634534000000001e-01   5.0277168000000005e-01   1.0686281799999999e+00   2.0821629000000000e-01
   2.7312500000000002e+00   1.9634034000000000e-01   5.0135030999999997e-01   1.0705417399999999e+00   2.0806825000000001e-01
   2.7406250000000001e+00   1.9633666000000000e-01   5.0015019999999999e-01   1.0724724800000001e+00   2.0797283000000000e-01
   2.7500000000000000e+00   1.9633576999999999e-01   4.9894047000000002e-01   1.0744003200000001e+00   2.0797908000000001e-01
   2.7625000000000002e+00   1.9634582000000000e-01   4.9778737000000001e-01   1.0769503100000000e+00   2.0797472000000000e-01
   2.7718750000000001e+00   1.9634636000000000e-01   4.9683741999999997e-01   1.0788620000000000e+00   2.0787502999999999e-01
   2.7812500000000000e+00   1.9634032000000001e-01   4.9520016000000000e-01   1.0807824600000000e+00   2.0775605999999999e-01
   2.7906249999999999e+00   1.9634475000000001e-01   4.9344642999999999e-01   1.0827056200000000e+00   2.0766203000000000e-01
   2.7999999999999998e+00   1.9634119999999999e-01   4.9231817000000000e-01   1.0846270800000000e+00   2.0743607999999999e-01
   2.8125000000000000e+00   1.9633758000000001e-01   4.9166808000000001e-01   1.0871783200000000e+00   2.0712333999999999e-01
   2.8218749999999999e+00   1.9633507000000000e-01   4.9162621000000001e-01   1.0890896500000000e+00   2.0705067999999999e-01
   2.8312499999999998e+00   1.9633812000000000e-01   4.9148638000000000e-01   1.0910002800000000e+00   2.0700572000000000e-01
   2.8406250000000002e+00   1.9634059000000001e-01   4.9024304000000002e-01   1.0928932899999999e+00   2.0681083000000000e-01
   2.8500000000000001e+00   1.9633953000000001e-01   4.8919224000000000e-01   1.0947850100000001e+00   2.0652313000000000e-01
   2.8624999999999998e+00   1.9634415000000000e-01   4.8679541999999998e-01   1.0972987900000000e+00   2.0637470999999999e-01
   2.8718750000000002e+00   1.9634335999999999e-01   4.8574564999999997e-01   1.0991862999999999e+00   2.0645337000000000e-01
   2.8812500000000001e+00   1.9634308000000000e-01   4.8473279000000002e-01   1.1010709599999999e+00   2.0642838999999999e-01
   2.8906250000000000e+00   1.9633967999999999e-01   4.8402482000000002e-01   1.1029717000000001e+00   2.0631948000000000e-01
   2.8999999999999999e+00   1.9633907000000000e-01   4.8289265999999997e-01   1.1048711899999999e+00   2.0618555000000000e-01
   2.9125000000000001e+00   1.9634114000000000e-01   4.8082129000000001e-01   1.1074029500000000e+00   2.0608267999999999e-01
   2.9218750000000000e+00   1.9633671999999999e-01   4.7890336000000000e-01   1.1093066300000001e+00   2.0581911000000000e-01
   2.9312499999999999e+00   1.9633903000000000e-01   4.7675042000000001e-01   1.1112053900000001e+00   2.0567903000000001e-01
   2.9406249999999998e+00   1.9634235000000000e-01   4.7524801000000000e-01   1.1130820600000000e+00   2.0557033999999999e-01
   2.9500000000000002e+00   1.9634641000000000e-01   4.7402393999999998e-01   1.1149465999999999e+00   2.0556120000000000e-01
   2.9624999999999999e+00   1.9635266000000001e-01   4.7195373000000002e-01   1.1174176600000001e+00   2.0552158000000001e-01
   2.9718749999999998e+00   1.9634789999999999e-01   4.6978054000000002e-01   1.1192805800000001e+00   2.0545743999999999e-01
   2.9812500000000002e+00   1.9634781000000001e-01   4.6830782999999998e-01   1.1211580900000000e+00   2.0543138000000000e-01
   2.9906250000000001e+00   1.9634296000000001e-01   4.6604953999999998e-01   1.1230480100000000e+00   2.0537617000000000e-01
   3.0000000000000000e+00   1.9635390999999999e-01   4.6470792999999999e-01   1.1249236600000001e+00   2.0535565000000000e-01
