   4.3364770000000000e-03   0.0000000000000000e+00   9.9999669999999996e-01   5.0000560000000005e-01   2.7591740000000001e-03
   1.4437999999999999e-02   0.0000000000000000e+00   9.9999979999999999e-01   5.0006499999999998e-01   9.1227449999999998e-03
   2.4539530000000000e-02   0.0000000000000000e+00   1.0000000000000000e+00   5.0018810000000002e-01   1.5403890000000000e-02
   3.4641050000000000e-02   0.0000000000000000e+00   1.0000000000000000e+00   5.0037440000000000e-01   2.1607230000000002e-02
   4.4742579999999997e-02   0.0000000000000000e+00   1.0000000000000000e+00   5.0062289999999998e-01   2.7736090000000001e-02
   5.4844100000000000e-02   0.0000000000000000e+00   9.9999990000000005e-01   5.0093299999999996e-01   3.3793129999999998e-02
   6.4945630000000004e-02   0.0000000000000000e+00   9.9999990000000005e-01   5.0130390000000002e-01   3.9780560000000000e-02
   7.5047160000000002e-02   0.0000000000000000e+00   9.9999979999999999e-01   5.0173500000000004e-01   4.5700220000000000e-02
   9.0199440000000006e-02   0.0000000000000000e+00   9.9999950000000004e-01   5.0249290000000002e-01   5.4455999999999997e-02
   1.0030100000000000e-01   0.0000000000000000e+00   9.9999930000000004e-01   5.0307139999999995e-01   6.0212500000000002e-02
   1.1040250000000000e-01   0.0000000000000000e+00   9.9999899999999997e-01   5.0370780000000004e-01   6.5905569999999997e-02
   1.2050400000000000e-01   0.0000000000000000e+00   9.9999859999999996e-01   5.0440130000000005e-01   7.1535899999999999e-02
   1.3060550000000001e-01   0.0000000000000000e+00   9.9999810000000000e-01   5.0515140000000003e-01   7.7103969999999994e-02
   1.4070710000000000e-01   0.0000000000000000e+00   9.9999749999999998e-01   5.0595749999999995e-01   8.2610030000000001e-02
   1.5080859999999999e-01   0.0000000000000000e+00   9.9999680000000002e-01   5.0681880000000001e-01   8.8054129999999994e-02
   1.6091010000000000e-01   0.0000000000000000e+00   9.9999590000000005e-01   5.0773489999999999e-01   9.3436110000000003e-02
   1.7101160000000001e-01   0.0000000000000000e+00   9.9999479999999996e-01   5.0870499999999996e-01   9.8755609999999994e-02
   1.8111320000000000e-01   0.0000000000000000e+00   9.9999340000000003e-01   5.0972850000000003e-01   1.0401210000000000e-01
   1.9121469999999999e-01   0.0000000000000000e+00   9.9999170000000004e-01   5.1080479999999995e-01   1.0920480000000000e-01
   2.0131620000000000e-01   0.0000000000000000e+00   9.9998969999999998e-01   5.1193319999999998e-01   1.1433270000000000e-01
   2.1141769999999999e-01   0.0000000000000000e+00   9.9998719999999996e-01   5.1311320000000005e-01   1.1939490000000000e-01
   2.2151930000000000e-01   0.0000000000000000e+00   9.9998410000000004e-01   5.1434389999999997e-01   1.2438990000000000e-01
   2.3162079999999999e-01   0.0000000000000000e+00   9.9998039999999999e-01   5.1562470000000005e-01   1.2931640000000000e-01
   2.4172230000000000e-01   0.0000000000000000e+00   9.9997579999999997e-01   5.1695489999999999e-01   1.3417270000000001e-01
   2.5182389999999999e-01   0.0000000000000000e+00   9.9997020000000003e-01   5.1833390000000001e-01   1.3895710000000000e-01
   2.6192539999999997e-01   0.0000000000000000e+00   9.9996330000000000e-01   5.1976080000000002e-01   1.4366760000000001e-01
   2.7202690000000002e-01   0.0000000000000000e+00   9.9995489999999998e-01   5.2123489999999995e-01   1.4830220000000000e-01
   2.8212840000000000e-01   0.0000000000000000e+00   9.9994470000000002e-01   5.2275539999999998e-01   1.5285889999999999e-01
   2.9222999999999999e-01   0.0000000000000000e+00   9.9993230000000000e-01   5.2432150000000000e-01   1.5733520000000001e-01
   3.0233149999999998e-01   0.0000000000000000e+00   9.9991730000000001e-01   5.2593250000000002e-01   1.6172890000000001e-01
   3.1243300000000002e-01   0.0000000000000000e+00   9.9989919999999999e-01   5.2758740000000004e-01   1.6603750000000000e-01
   3.2253450000000000e-01   0.0000000000000000e+00   9.9987740000000003e-01   5.2928540000000002e-01   1.7025840000000000e-01
   3.3263609999999999e-01   0.0000000000000000e+00   9.9985139999999995e-01   5.3102550000000004e-01   1.7438919999999999e-01
   3.4273759999999998e-01   0.0000000000000000e+00   9.9982030000000000e-01   5.3280700000000003e-01   1.7842730000000001e-01
   3.5283910000000002e-01   0.0000000000000000e+00   9.9978330000000004e-01   5.3462869999999996e-01   1.8237000000000000e-01
   3.6294060000000000e-01   0.0000000000000000e+00   9.9973950000000000e-01   5.3648980000000002e-01   1.8621470000000001e-01
   3.7304219999999999e-01   0.0000000000000000e+00   9.9968800000000002e-01   5.3838920000000001e-01   1.8995880000000001e-01
   3.8314369999999998e-01   0.0000000000000000e+00   9.9962740000000005e-01   5.4032590000000003e-01   1.9359979999999999e-01
   3.9324520000000002e-01   0.0000000000000000e+00   9.9955660000000002e-01   5.4229879999999997e-01   1.9713530000000001e-01
   4.0334670000000000e-01   0.0000000000000000e+00   9.9947399999999997e-01   5.4430690000000004e-01   2.0056280000000001e-01
   4.1344829999999999e-01   0.0000000000000000e+00   9.9937830000000005e-01   5.4634910000000003e-01   2.0388000000000001e-01
   4.2354979999999998e-01   0.0000000000000000e+00   9.9926749999999998e-01   5.4842420000000003e-01   2.0708480000000001e-01
   4.3365130000000002e-01   0.0000000000000000e+00   9.9914000000000003e-01   5.5053110000000005e-01   2.1017530000000001e-01
   4.4375280000000000e-01   0.0000000000000000e+00   9.9899360000000004e-01   5.5266870000000001e-01   2.1314959999999999e-01
   4.5385439999999999e-01   0.0000000000000000e+00   9.9882610000000005e-01   5.5483570000000004e-01   2.1600600000000000e-01
   4.6395589999999998e-01   0.0000000000000000e+00   9.9863539999999995e-01   5.5703090000000000e-01   2.1874330000000000e-01
   4.7405740000000002e-01   0.0000000000000000e+00   9.9841880000000005e-01   5.5925320000000001e-01   2.2136030000000001e-01
   4.8415890000000000e-01   0.0000000000000000e+00   9.9817370000000005e-01   5.6150129999999998e-01   2.2385610000000000e-01
   4.9426049999999999e-01   0.0000000000000000e+00   9.9789740000000005e-01   5.6377400000000000e-01   2.2623009999999999e-01
   5.0436199999999998e-01   0.0000000000000000e+00   9.9758690000000005e-01   5.6606999999999996e-01   2.2848199999999999e-01
   5.1446349999999996e-01   0.0000000000000000e+00   9.9723910000000004e-01   5.6838820000000001e-01   2.3061180000000001e-01
   5.2456499999999995e-01   0.0000000000000000e+00   9.9685080000000004e-01   5.7072730000000005e-01   2.3261979999999999e-01
   5.3466659999999999e-01   0.0000000000000000e+00   9.9641890000000000e-01   5.7308610000000004e-01   2.3450670000000001e-01
   5.4476809999999998e-01   0.0000000000000000e+00   9.9594000000000005e-01   5.7546330000000001e-01   2.3627329999999999e-01
   5.5486959999999996e-01   0.0000000000000000e+00   9.9541069999999998e-01   5.7785779999999998e-01   2.3792099999999999e-01
   5.6497109999999995e-01   0.0000000000000000e+00   9.9482749999999998e-01   5.8026829999999996e-01   2.3945140000000001e-01
   5.7002189999999997e-01   0.0000000000000000e+00   9.9451480000000003e-01   5.8147919999999997e-01   2.4017310000000000e-01
   5.8012339999999996e-01   0.0000000000000000e+00   9.9384459999999997e-01   5.8391159999999998e-01   2.4153100000000000e-01
   5.9022500000000000e-01   0.0000000000000000e+00   9.9311240000000001e-01   5.8635709999999996e-01   2.4277670000000001e-01
   6.0032649999999999e-01   0.0000000000000000e+00   9.9231480000000005e-01   5.8881470000000002e-01   2.4391289999999999e-01
   6.1042799999999997e-01   0.0000000000000000e+00   9.9144889999999997e-01   5.9128320000000001e-01   2.4494230000000000e-01
   6.2052949999999996e-01   0.0000000000000000e+00   9.9050939999999998e-01   5.9375999999999995e-01   2.4588030000000000e-01
   6.3063110000000000e-01   0.0000000000000000e+00   9.8950320000000003e-01   5.9624739999999998e-01   2.4670539999999999e-01
   6.4073259999999999e-01   0.0000000000000000e+00   9.8841630000000003e-01   5.9874260000000001e-01   2.4743329999999999e-01
   6.5083409999999997e-01   0.0000000000000000e+00   9.8725059999999998e-01   6.0124469999999997e-01   2.4806760000000000e-01
   6.6093559999999996e-01   0.0000000000000000e+00   9.8600469999999996e-01   6.0375270000000003e-01   2.4861190000000000e-01
   6.7103720000000000e-01   0.0000000000000000e+00   9.8467689999999997e-01   6.0626579999999997e-01   2.4906980000000001e-01
   6.8113869999999999e-01   0.0000000000000000e+00   9.8326610000000003e-01   6.0878319999999997e-01   2.4944520000000001e-01
   6.9124019999999997e-01   0.0000000000000000e+00   9.8177159999999997e-01   6.1130390000000001e-01   2.4974189999999999e-01
   7.0134169999999996e-01   0.0000000000000000e+00   9.8019290000000003e-01   6.1382729999999996e-01   2.4996380000000001e-01
   7.1144330000000000e-01   0.0000000000000000e+00   9.7853009999999996e-01   6.1635249999999997e-01   2.5011460000000002e-01
   7.2154479999999999e-01   0.0000000000000000e+00   9.7678339999999997e-01   6.1887899999999996e-01   2.5019809999999998e-01
   7.3164629999999997e-01   0.0000000000000000e+00   9.7495359999999998e-01   6.2140589999999996e-01   2.5021810000000000e-01
   7.4174779999999996e-01   0.0000000000000000e+00   9.7304170000000001e-01   6.2393279999999995e-01   2.5017830000000002e-01
   7.5184940000000000e-01   0.0000000000000000e+00   9.7104919999999995e-01   6.2645899999999999e-01   2.5008219999999998e-01
   7.6195089999999999e-01   0.0000000000000000e+00   9.6897789999999995e-01   6.2898399999999999e-01   2.4993350000000000e-01
   7.7205239999999997e-01   0.0000000000000000e+00   9.6682959999999996e-01   6.3150720000000005e-01   2.4973550000000000e-01
   7.8215389999999996e-01   0.0000000000000000e+00   9.6460690000000004e-01   6.3402820000000004e-01   2.4949150000000000e-01
   7.9225550000000000e-01   0.0000000000000000e+00   9.6231210000000000e-01   6.3654650000000002e-01   2.4920490000000001e-01
   8.0235699999999999e-01   0.0000000000000000e+00   9.5994820000000003e-01   6.3906169999999995e-01   2.4887860000000001e-01
   8.1245849999999997e-01   0.0000000000000000e+00   9.5751799999999998e-01   6.4157350000000002e-01   2.4851580000000001e-01
   8.2255999999999996e-01   0.0000000000000000e+00   9.5502460000000000e-01   6.4408140000000003e-01   2.4811929999999999e-01
   8.3266160000000000e-01   0.0000000000000000e+00   9.5247130000000002e-01   6.4658519999999997e-01   2.4769189999999999e-01
   8.4276309999999999e-01   0.0000000000000000e+00   9.4986139999999997e-01   6.4908449999999995e-01   2.4723629999999999e-01
   8.5286459999999997e-01   0.0000000000000000e+00   9.4719830000000005e-01   6.5157909999999997e-01   2.4675500000000000e-01
   8.6296609999999996e-01   0.0000000000000000e+00   9.4448549999999998e-01   6.5406869999999995e-01   2.4625040000000001e-01
   8.7306770000000000e-01   0.0000000000000000e+00   9.4172639999999996e-01   6.5655310000000000e-01   2.4572500000000000e-01
   8.8316919999999999e-01   0.0000000000000000e+00   9.3892450000000005e-01   6.5903210000000001e-01   2.4518080000000000e-01
   8.9327069999999997e-01   0.0000000000000000e+00   9.3608320000000000e-01   6.6150549999999997e-01   2.4462020000000001e-01
   9.0337219999999996e-01   0.0000000000000000e+00   9.3320590000000003e-01   6.6397320000000004e-01   2.4404500000000001e-01
   9.1347380000000000e-01   0.0000000000000000e+00   9.3029589999999995e-01   6.6643509999999995e-01   2.4345729999999999e-01
   9.2357529999999999e-01   0.0000000000000000e+00   9.2735659999999998e-01   6.6889089999999995e-01   2.4285880000000001e-01
   9.3367679999999997e-01   0.0000000000000000e+00   9.2440750000000005e-01   6.7134099999999997e-01   2.4226770000000000e-01
   9.4377829999999996e-01   0.0000000000000000e+00   9.2142369999999996e-01   6.7378479999999996e-01   2.4165239999999999e-01
   9.5387990000000000e-01   0.0000000000000000e+00   9.1841580000000000e-01   6.7622230000000005e-01   2.4103120000000000e-01
   9.6398139999999999e-01   0.0000000000000000e+00   9.1539029999999999e-01   6.7865350000000002e-01   2.4040590000000001e-01
   9.7408289999999997e-01   0.0000000000000000e+00   9.1235049999999995e-01   6.8107839999999997e-01   2.3977770000000001e-01
   9.8418439999999996e-01   0.0000000000000000e+00   9.0929899999999997e-01   6.8349689999999996e-01   2.3914820000000001e-01
   9.9428600000000000e-01   0.0000000000000000e+00   9.0623830000000005e-01   6.8590910000000005e-01   2.3851839999999999e-01
   1.0043869999999999e+00   0.0000000000000000e+00   9.0317099999999995e-01   6.8831489999999995e-01   2.3788970000000001e-01
   1.0144890000000000e+00   0.0000000000000000e+00   9.0009930000000005e-01   6.9071439999999995e-01   2.3726330000000001e-01
   1.0245910000000000e+00   0.0000000000000000e+00   8.9702559999999998e-01   6.9310749999999999e-01   2.3664030000000000e-01
   1.0346919999999999e+00   0.0000000000000000e+00   8.9395190000000002e-01   6.9549439999999996e-01   2.3602160000000000e-01
   1.0447940000000000e+00   0.0000000000000000e+00   8.9088009999999995e-01   6.9787509999999997e-01   2.3540829999999999e-01
   1.0548949999999999e+00   0.0000000000000000e+00   8.8781230000000000e-01   7.0024960000000003e-01   2.3480129999999999e-01
   1.0649970000000000e+00   0.0000000000000000e+00   8.8475020000000004e-01   7.0261799999999996e-01   2.3420150000000001e-01
   1.0700470000000000e+00   0.0000000000000000e+00   8.8322179999999995e-01   7.0379999999999998e-01   2.3390449999999999e-01
   1.0801490000000000e+00   0.0000000000000000e+00   8.8017129999999999e-01   7.0615939999999999e-01   2.3331710000000000e-01
   1.0902499999999999e+00   0.0000000000000000e+00   8.7713050000000004e-01   7.0851290000000000e-01   2.3273890000000000e-01
   1.1003520000000000e+00   0.0000000000000000e+00   8.7410069999999995e-01   7.1086070000000001e-01   2.3217060000000000e-01
   1.1104540000000001e+00   0.0000000000000000e+00   8.7108339999999995e-01   7.1320280000000003e-01   2.3161290000000001e-01
   1.1205550000000000e+00   0.0000000000000000e+00   8.6807979999999996e-01   7.1553920000000004e-01   2.3106650000000001e-01
   1.1306570000000000e+00   0.0000000000000000e+00   8.6509090000000000e-01   7.1787029999999996e-01   2.3053199999999999e-01
   1.1407579999999999e+00   0.0000000000000000e+00   8.6211789999999999e-01   7.2019590000000000e-01   2.3000989999999999e-01
   1.1508600000000000e+00   0.0000000000000000e+00   8.5916179999999998e-01   7.2251639999999995e-01   2.2950080000000000e-01
   1.1609609999999999e+00   0.0000000000000000e+00   8.5622339999999997e-01   7.2483180000000003e-01   2.2900519999999999e-01
   1.1710630000000000e+00   0.0000000000000000e+00   8.5330360000000005e-01   7.2714230000000002e-01   2.2852349999999999e-01
   1.1811640000000001e+00   0.0000000000000000e+00   8.5042530000000005e-01   7.2944980000000004e-01   2.2807250000000001e-01
   1.1912659999999999e+00   0.0000000000000000e+00   8.4755469999999999e-01   7.3175100000000004e-01   2.2761909999999999e-01
   1.2013670000000001e+00   0.0000000000000000e+00   8.4469590000000006e-01   7.3404769999999997e-01   2.2718089999999999e-01
   1.2114689999999999e+00   0.0000000000000000e+00   8.4185759999999998e-01   7.3633999999999999e-01   2.2675819999999999e-01
   1.2215700000000000e+00   0.0000000000000000e+00   8.3904109999999998e-01   7.3862810000000001e-01   2.2635150000000001e-01
   1.2316720000000001e+00   0.0000000000000000e+00   8.3624670000000001e-01   7.4091220000000002e-01   2.2596089999999999e-01
   1.2417730000000000e+00   0.0000000000000000e+00   8.3347490000000002e-01   7.4319250000000003e-01   2.2558690000000001e-01
   1.2518750000000001e+00   0.0000000000000000e+00   8.3072619999999997e-01   7.4546900000000005e-01   2.2522960000000000e-01
   1.2619760000000000e+00   0.0000000000000000e+00   8.2800079999999998e-01   7.4774200000000002e-01   2.2488920000000001e-01
   1.2720780000000000e+00   0.0000000000000000e+00   8.2529909999999995e-01   7.5001169999999995e-01   2.2456609999999999e-01
   1.2821790000000000e+00   0.0000000000000000e+00   8.2262120000000005e-01   7.5227820000000001e-01   2.2426030000000000e-01
   1.2922810000000000e+00   0.0000000000000000e+00   8.1996749999999996e-01   7.5454169999999998e-01   2.2397210000000001e-01
   1.3023819999999999e+00   0.0000000000000000e+00   8.1733820000000001e-01   7.5680239999999999e-01   2.2370150000000000e-01
   1.3124840000000000e+00   0.0000000000000000e+00   8.1473329999999999e-01   7.5906039999999997e-01   2.2344880000000000e-01
   1.3225860000000000e+00   0.0000000000000000e+00   8.1215300000000001e-01   7.6131590000000005e-01   2.2321389999999999e-01
   1.3326870000000000e+00   0.0000000000000000e+00   8.0959749999999997e-01   7.6356919999999995e-01   2.2299710000000000e-01
   1.3427890000000000e+00   0.0000000000000000e+00   8.0706670000000003e-01   7.6582039999999996e-01   2.2279840000000001e-01
   1.3528899999999999e+00   0.0000000000000000e+00   8.0456079999999996e-01   7.6806969999999997e-01   2.2261780000000000e-01
   1.3629920000000000e+00   0.0000000000000000e+00   8.0207980000000001e-01   7.7031720000000004e-01   2.2245540000000000e-01
   1.3730929999999999e+00   0.0000000000000000e+00   7.9962359999999999e-01   7.7256309999999995e-01   2.2231110000000001e-01
   1.3831950000000000e+00   0.0000000000000000e+00   7.9722959999999998e-01   7.7481109999999997e-01   2.2220029999999999e-01
   1.3932960000000001e+00   0.0000000000000000e+00   7.9482649999999999e-01   7.7705469999999999e-01   2.2209100000000001e-01
   1.4033979999999999e+00   0.0000000000000000e+00   7.9244519999999996e-01   7.7929720000000002e-01   2.2200000000000000e-01
   1.4134990000000001e+00   0.0000000000000000e+00   7.9008840000000002e-01   7.8153890000000004e-01   2.2192709999999999e-01
   1.4236009999999999e+00   0.0000000000000000e+00   7.8775600000000001e-01   7.8378000000000003e-01   2.2187240000000000e-01
   1.4337020000000000e+00   0.0000000000000000e+00   7.8544809999999998e-01   7.8602059999999996e-01   2.2183559999999999e-01
   1.4438040000000001e+00   0.0000000000000000e+00   7.8316459999999999e-01   7.8826099999999999e-01   2.2181680000000001e-01
   1.4539050000000000e+00   0.0000000000000000e+00   7.8090539999999997e-01   7.9050120000000001e-01   2.2181570000000000e-01
   1.4640070000000001e+00   0.0000000000000000e+00   7.7867030000000004e-01   7.9274149999999999e-01   2.2183230000000001e-01
   1.4741080000000000e+00   0.0000000000000000e+00   7.7645929999999996e-01   7.9498199999999997e-01   2.2186649999999999e-01
   1.4842100000000000e+00   0.0000000000000000e+00   7.7427210000000002e-01   7.9722300000000001e-01   2.2191800000000000e-01
   1.4943109999999999e+00   0.0000000000000000e+00   7.7210880000000004e-01   7.9946459999999997e-01   2.2198660000000001e-01
   1.5044130000000000e+00   0.0000000000000000e+00   7.6996909999999996e-01   8.0170699999999995e-01   2.2207230000000000e-01
   1.5145150000000001e+00   0.0000000000000000e+00   7.6785289999999995e-01   8.0395030000000001e-01   2.2217470000000000e-01
   1.5246160000000000e+00   0.0000000000000000e+00   7.6576000000000000e-01   8.0619470000000004e-01   2.2229380000000001e-01
   1.5347180000000000e+00   0.0000000000000000e+00   7.6372340000000005e-01   8.0844459999999996e-01   2.2244330000000001e-01
   1.5448189999999999e+00   0.0000000000000000e+00   7.6169480000000001e-01   8.1069190000000002e-01   2.2259219999999999e-01
   1.5549210000000000e+00   0.0000000000000000e+00   7.5967260000000003e-01   8.1294080000000002e-01   2.2275760000000000e-01
   1.5650219999999999e+00   0.0000000000000000e+00   7.5767150000000005e-01   8.1519140000000001e-01   2.2293890000000000e-01
   1.5801740000000000e+00   0.0000000000000000e+00   7.5471129999999997e-01   8.1857100000000005e-01   2.2323970000000001e-01
   1.5902760000000000e+00   0.0000000000000000e+00   7.5276540000000003e-01   8.2082670000000002e-01   2.2345909999999999e-01
   1.6003769999999999e+00   0.0000000000000000e+00   7.5084139999999999e-01   8.2308460000000006e-01   2.2369300000000000e-01
   1.6104790000000000e+00   0.0000000000000000e+00   7.4893909999999997e-01   8.2534500000000000e-01   2.2394120000000001e-01
   1.6205810000000000e+00   0.0000000000000000e+00   7.4705829999999995e-01   8.2760800000000001e-01   2.2420329999999999e-01
   1.6306820000000000e+00   0.0000000000000000e+00   7.4519890000000000e-01   8.2987370000000005e-01   2.2447890000000001e-01
   1.6407840000000000e+00   0.0000000000000000e+00   7.4336060000000004e-01   8.3214220000000005e-01   2.2476750000000001e-01
   1.6508849999999999e+00   0.0000000000000000e+00   7.4154339999999996e-01   8.3441370000000004e-01   2.2506880000000001e-01
   1.6609870000000000e+00   0.0000000000000000e+00   7.3980210000000002e-01   8.3669329999999997e-01   2.2539529999999999e-01
   1.6710879999999999e+00   0.0000000000000000e+00   7.3804099999999995e-01   8.3897129999999998e-01   2.2571740000000001e-01
   1.6811900000000000e+00   0.0000000000000000e+00   7.3628720000000003e-01   8.4125260000000002e-01   2.2605190000000000e-01
   1.6912910000000001e+00   0.0000000000000000e+00   7.3455179999999998e-01   8.4353730000000005e-01   2.2639790000000001e-01
   1.7013929999999999e+00   0.0000000000000000e+00   7.3283589999999998e-01   8.4582550000000001e-01   2.2675450000000000e-01
   1.7114940000000001e+00   0.0000000000000000e+00   7.3113950000000005e-01   8.4811740000000002e-01   2.2712120000000000e-01
   1.7215959999999999e+00   0.0000000000000000e+00   7.2946250000000001e-01   8.5041310000000003e-01   2.2749749999999999e-01
   1.7316970000000000e+00   0.0000000000000000e+00   7.2780460000000002e-01   8.5271260000000004e-01   2.2788259999999999e-01
   1.7417990000000001e+00   0.0000000000000000e+00   7.2616570000000003e-01   8.5501600000000000e-01   2.2827610000000001e-01
   1.7519000000000000e+00   0.0000000000000000e+00   7.2454549999999995e-01   8.5732339999999996e-01   2.2867730000000000e-01
   1.7620020000000001e+00   0.0000000000000000e+00   7.2302800000000000e-01   8.5964030000000002e-01   2.2909430000000000e-01
   1.7721030000000000e+00   0.0000000000000000e+00   7.2145800000000004e-01   8.6195610000000000e-01   2.2950490000000001e-01
   1.7822050000000000e+00   0.0000000000000000e+00   7.1989369999999997e-01   8.6427600000000004e-01   2.2992309999999999e-01
   1.7923060000000000e+00   0.0000000000000000e+00   7.1834509999999996e-01   8.6660020000000004e-01   2.3034700000000000e-01
   1.8024080000000000e+00   0.0000000000000000e+00   7.1681320000000004e-01   8.6892870000000000e-01   2.3077560000000000e-01
   1.8125100000000001e+00   0.0000000000000000e+00   7.1529830000000005e-01   8.7126159999999997e-01   2.3120789999999999e-01
   1.8226110000000000e+00   0.0000000000000000e+00   7.1379990000000004e-01   8.7359880000000001e-01   2.3164299999999999e-01
   1.8327130000000000e+00   0.0000000000000000e+00   7.1231760000000000e-01   8.7594039999999995e-01   2.3208010000000001e-01
   1.8428140000000000e+00   0.0000000000000000e+00   7.1097840000000001e-01   8.7829219999999997e-01   2.3251849999999999e-01
   1.8529160000000000e+00   0.0000000000000000e+00   7.0953800000000000e-01   8.8064270000000000e-01   2.3295320000000000e-01
   1.8630169999999999e+00   0.0000000000000000e+00   7.0810189999999995e-01   8.8299749999999999e-01   2.3338919999999999e-01
   1.8731190000000000e+00   0.0000000000000000e+00   7.0667780000000002e-01   8.8535680000000005e-01   2.3382359999999999e-01
   1.8832199999999999e+00   0.0000000000000000e+00   7.0526650000000002e-01   8.8772039999999997e-01   2.3425450000000000e-01
   1.8933219999999999e+00   0.0000000000000000e+00   7.0386769999999999e-01   8.9008840000000000e-01   2.3468059999999999e-01
   1.9034230000000001e+00   0.0000000000000000e+00   7.0265089999999997e-01   8.9246630000000005e-01   2.3509490000000000e-01
   1.9135249999999999e+00   0.0000000000000000e+00   7.0128650000000003e-01   8.9484269999999999e-01   2.3550689999999999e-01
   1.9236260000000001e+00   0.0000000000000000e+00   6.9991829999999999e-01   8.9722329999999995e-01   2.3591280000000001e-01
   1.9337279999999999e+00   0.0000000000000000e+00   6.9855429999999996e-01   8.9960779999999996e-01   2.3630760000000001e-01
   1.9438290000000000e+00   0.0000000000000000e+00   6.9719489999999995e-01   9.0199629999999997e-01   2.3668850000000000e-01
   1.9539310000000001e+00   0.0000000000000000e+00   6.9606910000000000e-01   9.0439429999999998e-01   2.3704339999999999e-01
   1.9640320000000000e+00   0.0000000000000000e+00   6.9472409999999996e-01   9.0679010000000004e-01   2.3739479999999999e-01
   1.9741340000000001e+00   0.0000000000000000e+00   6.9336330000000002e-01   9.0918940000000004e-01   2.3772900000000000e-01
   1.9842350000000000e+00   0.0000000000000000e+00   6.9199120000000003e-01   9.1159199999999996e-01   2.3803920000000001e-01
   1.9943370000000000e+00   0.0000000000000000e+00   6.9086530000000002e-01   9.1400219999999999e-01   2.3831780000000000e-01
   2.0044390000000001e+00   0.0000000000000000e+00   6.8947930000000002e-01   9.1641039999999996e-01   2.3857960000000000e-01
   2.0145400000000002e+00   0.0000000000000000e+00   6.8805570000000005e-01   9.1882120000000000e-01   2.3881150000000001e-01
   2.0246420000000001e+00   0.0000000000000000e+00   6.8659640000000000e-01   9.2123420000000000e-01   2.3900350000000001e-01
   2.0347430000000002e+00   0.0000000000000000e+00   6.8558839999999999e-01   9.2365430000000004e-01   2.3916780000000001e-01
   2.0448450000000000e+00   0.0000000000000000e+00   6.8400399999999995e-01   9.2607050000000002e-01   2.3928050000000001e-01
   2.0549460000000002e+00   0.0000000000000000e+00   6.8236799999999997e-01   9.2848759999999997e-01   2.3933019999999999e-01
   2.0650480000000000e+00   0.0000000000000000e+00   6.8068580000000001e-01   9.3090490000000004e-01   2.3932190000000000e-01
   2.0802000000000000e+00   0.0000000000000000e+00   6.7863810000000002e-01   9.3453249999999999e-01   2.3923659999999999e-01
   2.0903010000000002e+00   0.0000000000000000e+00   6.7690839999999997e-01   9.3694820000000001e-01   2.3908699999999999e-01
   2.1004030000000000e+00   0.0000000000000000e+00   6.7508630000000003e-01   9.3936200000000003e-01   2.3884590000000000e-01
   2.1105049999999999e+00   0.0000000000000000e+00   6.7362160000000004e-01   9.4177590000000000e-01   2.3853250000000001e-01
   2.1206060000000000e+00   0.0000000000000000e+00   6.7161079999999995e-01   9.4418320000000000e-01   2.3811640000000001e-01
   2.1307079999999998e+00   0.0000000000000000e+00   6.6953510000000005e-01   9.4658600000000004e-01   2.3761640000000001e-01
   2.1408090000000000e+00   0.0000000000000000e+00   6.6799770000000003e-01   9.4898610000000005e-01   2.3706189999999999e-01
   2.1509109999999998e+00   0.0000000000000000e+00   6.6580580000000000e-01   9.5137760000000005e-01   2.3642669999999999e-01
   2.1610119999999999e+00   0.0000000000000000e+00   6.6354809999999997e-01   9.5376229999999995e-01   2.3571629999999999e-01
   2.1711140000000002e+00   0.0000000000000000e+00   6.6143189999999996e-01   9.5614160000000004e-01   2.3495079999999999e-01
   2.1812149999999999e+00   0.0000000000000000e+00   6.5913900000000003e-01   9.5851100000000000e-01   2.3417360000000001e-01
   2.1913170000000002e+00   0.0000000000000000e+00   6.5677799999999997e-01   9.6087250000000002e-01   2.3337630000000001e-01
   2.2014179999999999e+00   0.0000000000000000e+00   6.5476959999999995e-01   9.6323029999999998e-01   2.3257130000000001e-01
   2.2115200000000002e+00   0.0000000000000000e+00   6.5233819999999998e-01   9.6557570000000004e-01   2.3177819999999999e-01
   2.2216209999999998e+00   0.0000000000000000e+00   6.5035589999999999e-01   9.6791919999999998e-01   2.3100419999999999e-01
   2.2317230000000001e+00   0.0000000000000000e+00   6.4786109999999997e-01   9.7024889999999997e-01   2.3024300000000000e-01
   2.2418239999999998e+00   0.0000000000000000e+00   6.4571979999999995e-01   9.7257629999999995e-01   2.2950509999999999e-01
   2.2519260000000001e+00   0.0000000000000000e+00   6.4324049999999999e-01   9.7489099999999995e-01   2.2878989999999999e-01
   2.2620269999999998e+00   0.0000000000000000e+00   6.4083760000000001e-01   9.7719750000000005e-01   2.2809209999999999e-01
   2.2721290000000001e+00   0.0000000000000000e+00   6.3873040000000003e-01   9.7950470000000001e-01   2.2740910000000000e-01
   2.2822300000000002e+00   0.0000000000000000e+00   6.3629619999999998e-01   9.8179859999999997e-01   2.2677069999999999e-01
   2.2923320000000000e+00   0.0000000000000000e+00   6.3423229999999997e-01   9.8409279999999999e-01   2.2613190000000000e-01
   2.3024339999999999e+00   0.0000000000000000e+00   6.3178080000000003e-01   9.8637399999999997e-01   2.2552860000000000e-01
   2.3125350000000000e+00   0.0000000000000000e+00   6.2968769999999996e-01   9.8865689999999995e-01   2.2494100000000000e-01
   2.3226369999999998e+00   0.0000000000000000e+00   6.2750750000000000e-01   9.9093180000000003e-01   2.2436890000000001e-01
   2.3327380000000000e+00   0.0000000000000000e+00   6.2516510000000003e-01   9.9319550000000001e-01   2.2383890000000001e-01
   2.3428399999999998e+00   0.0000000000000000e+00   6.2312409999999996e-01   9.9546060000000003e-01   2.2331560000000000e-01
   2.3529409999999999e+00   0.0000000000000000e+00   6.2106969999999995e-01   9.9772209999999995e-01   2.2281390000000001e-01
   2.3630429999999998e+00   0.0000000000000000e+00   6.1869640000000004e-01   9.9997049999999998e-01   2.2234789999999999e-01
   2.3731439999999999e+00   0.0000000000000000e+00   6.1638610000000005e-01   1.0022139999999999e+00   2.2188569999999999e-01
   2.3832460000000002e+00   0.0000000000000000e+00   6.1408450000000003e-01   1.0044530000000000e+00   2.2145400000000001e-01
   2.3933469999999999e+00   0.0000000000000000e+00   6.1216809999999999e-01   1.0066960000000000e+00   2.2103249999999999e-01
   2.4034490000000002e+00   0.0000000000000000e+00   6.1016959999999998e-01   1.0089349999999999e+00   2.2063620000000000e-01
   2.4135499999999999e+00   0.0000000000000000e+00   6.0788719999999996e-01   1.0111610000000000e+00   2.2025649999999999e-01
   2.4236520000000001e+00   0.0000000000000000e+00   6.0570369999999996e-01   1.0133840000000001e+00   2.1990050000000000e-01
   2.4337529999999998e+00   0.0000000000000000e+00   6.0382519999999995e-01   1.0156120000000000e+00   2.1954950000000001e-01
   2.4438550000000001e+00   0.0000000000000000e+00   6.0162280000000001e-01   1.0178280000000000e+00   2.1922520000000001e-01
   2.4539559999999998e+00   0.0000000000000000e+00   5.9974030000000000e-01   1.0200480000000001e+00   2.1891650000000001e-01
   2.4640580000000001e+00   0.0000000000000000e+00   5.9786059999999996e-01   1.0222659999999999e+00   2.1862719999999999e-01
   2.4741590000000002e+00   0.0000000000000000e+00   5.9569830000000001e-01   1.0244730000000000e+00   2.1834670000000000e-01
   2.4842610000000001e+00   0.0000000000000000e+00   5.9361549999999996e-01   1.0266770000000001e+00   2.1808680000000000e-01
   2.4943620000000002e+00   0.0000000000000000e+00   5.9180239999999995e-01   1.0288880000000000e+00   2.1783410000000000e-01
   2.5044640000000000e+00   0.0000000000000000e+00   5.8976170000000006e-01   1.0310870000000001e+00   2.1759380000000000e-01
   2.5145659999999999e+00   0.0000000000000000e+00   5.8778039999999998e-01   1.0332840000000001e+00   2.1737180000000000e-01
   2.5246670000000000e+00   0.0000000000000000e+00   5.8607620000000005e-01   1.0354880000000000e+00   2.1716009999999999e-01
   2.5347689999999998e+00   0.0000000000000000e+00   5.8405730000000000e-01   1.0376810000000001e+00   2.1695829999999999e-01
   2.5448700000000000e+00   0.0000000000000000e+00   5.8209040000000001e-01   1.0398710000000000e+00   2.1676899999999999e-01
   2.5549719999999998e+00   0.0000000000000000e+00   5.8041750000000003e-01   1.0420689999999999e+00   2.1658220000000000e-01
   2.5600220000000000e+00   0.0000000000000000e+00   5.7943590000000000e-01   1.0431630000000001e+00   2.1649510000000000e-01
   2.5701239999999999e+00   0.0000000000000000e+00   5.7747210000000004e-01   1.0453490000000001e+00   2.1632720000000000e-01
   2.5802250000000000e+00   0.0000000000000000e+00   5.7575739999999997e-01   1.0475410000000001e+00   2.1616750000000001e-01
   2.5903269999999998e+00   0.0000000000000000e+00   5.7404940000000004e-01   1.0497310000000000e+00   2.1601490000000001e-01
   2.6004290000000001e+00   0.0000000000000000e+00   5.7216739999999999e-01   1.0519120000000000e+00   2.1587650000000000e-01
   2.6105299999999998e+00   0.0000000000000000e+00   5.7051269999999998e-01   1.0541000000000000e+00   2.1574009999999999e-01
   2.6206320000000001e+00   0.0000000000000000e+00   5.6866329999999998e-01   1.0562780000000001e+00   2.1561710000000001e-01
   2.6307330000000002e+00   0.0000000000000000e+00   5.6705039999999995e-01   1.0584650000000000e+00   2.1549560000000001e-01
   2.6408350000000000e+00   0.0000000000000000e+00   5.6522159999999999e-01   1.0606409999999999e+00   2.1537640000000000e-01
   2.6509360000000002e+00   0.0000000000000000e+00   5.6344399999999994e-01   1.0628160000000000e+00   2.1527019999999999e-01
   2.6610380000000000e+00   0.0000000000000000e+00   5.6183519999999998e-01   1.0649970000000000e+00   2.1515899999999999e-01
   2.6711390000000002e+00   0.0000000000000000e+00   5.6011100000000003e-01   1.0671710000000001e+00   2.1505869999999999e-01
   2.6812410000000000e+00   0.0000000000000000e+00   5.5840259999999997e-01   1.0693429999999999e+00   2.1497060000000001e-01
   2.6913420000000001e+00   0.0000000000000000e+00   5.5693380000000003e-01   1.0715239999999999e+00   2.1487539999999999e-01
   2.7014440000000000e+00   0.0000000000000000e+00   5.5521350000000003e-01   1.0736939999999999e+00   2.1478870000000000e-01
   2.7115450000000001e+00   0.0000000000000000e+00   5.5371930000000003e-01   1.0758719999999999e+00   2.1470259999999999e-01
   2.7216469999999999e+00   0.0000000000000000e+00   5.5204180000000003e-01   1.0780400000000001e+00   2.1462580000000001e-01
   2.7317480000000001e+00   0.0000000000000000e+00   5.5057449999999997e-01   1.0802160000000001e+00   2.1454889999999999e-01
   2.7418499999999999e+00   0.0000000000000000e+00   5.4893029999999998e-01   1.0823820000000000e+00   2.1448000000000000e-01
   2.7519510000000000e+00   0.0000000000000000e+00   5.4747239999999997e-01   1.0845570000000000e+00   2.1440490000000001e-01
   2.7620529999999999e+00   0.0000000000000000e+00   5.4584980000000005e-01   1.0867220000000000e+00   2.1433940000000001e-01
   2.7721540000000000e+00   0.0000000000000000e+00   5.4451170000000004e-01   1.0888970000000000e+00   2.1428320000000001e-01
   2.7822559999999998e+00   0.0000000000000000e+00   5.4305789999999998e-01   1.0910700000000000e+00   2.1421570000000001e-01
   2.7923570000000000e+00   0.0000000000000000e+00   5.4150089999999995e-01   1.0932329999999999e+00   2.1415570000000000e-01
   2.8024589999999998e+00   0.0000000000000000e+00   5.4016299999999995e-01   1.0954060000000001e+00   2.1409629999999999e-01
   2.8125610000000001e+00   0.0000000000000000e+00   5.3859869999999999e-01   1.0975680000000001e+00   2.1403770000000000e-01
   2.8226619999999998e+00   0.0000000000000000e+00   5.3729890000000002e-01   1.0997399999999999e+00   2.1398260000000000e-01
   2.8327640000000001e+00   0.0000000000000000e+00   5.3576069999999998e-01   1.1019010000000000e+00   2.1392670000000000e-01
   2.8428650000000002e+00   0.0000000000000000e+00   5.3428310000000001e-01   1.1040620000000001e+00   2.1387500000000001e-01
   2.8529670000000000e+00   0.0000000000000000e+00   5.3281740000000000e-01   1.1062220000000000e+00   2.1382650000000000e-01
   2.8630680000000002e+00   0.0000000000000000e+00   5.3152120000000003e-01   1.1083920000000000e+00   2.1376760000000000e-01
   2.8731700000000000e+00   0.0000000000000000e+00   5.3031459999999997e-01   1.1105620000000000e+00   2.1371899999999999e-01
   2.8832710000000001e+00   0.0000000000000000e+00   5.2886440000000001e-01   1.1127199999999999e+00   2.1367269999999999e-01
   2.8933730000000000e+00   0.0000000000000000e+00   5.2759360000000000e-01   1.1148870000000000e+00   2.1362049999999999e-01
   2.9034740000000001e+00   0.0000000000000000e+00   5.2616529999999995e-01   1.1170450000000001e+00   2.1357319999999999e-01
   2.9135759999999999e+00   0.0000000000000000e+00   5.2502199999999999e-01   1.1192130000000000e+00   2.1354280000000000e-01
   2.9236770000000001e+00   0.0000000000000000e+00   5.2381180000000005e-01   1.1213810000000000e+00   2.1349879999999999e-01
   2.9337789999999999e+00   0.0000000000000000e+00   5.2241119999999996e-01   1.1235379999999999e+00   2.1344869999999999e-01
   2.9438800000000001e+00   0.0000000000000000e+00   5.2104839999999997e-01   1.1256940000000000e+00   2.1340360000000000e-01
   2.9539819999999999e+00   0.0000000000000000e+00   5.1969929999999998e-01   1.1278490000000001e+00   2.1335940000000000e-01
   2.9640830000000000e+00   0.0000000000000000e+00   5.1859610000000000e-01   1.1300159999999999e+00   2.1331620000000001e-01
   2.9741849999999999e+00   0.0000000000000000e+00   5.1752790000000004e-01   1.1321840000000001e+00   2.1327540000000000e-01
   2.9842860000000000e+00   0.0000000000000000e+00   5.1620730000000004e-01   1.1343380000000001e+00   2.1323909999999999e-01
   2.9943879999999998e+00   0.0000000000000000e+00   5.1510670000000003e-01   1.1365040000000000e+00   2.1319569999999999e-01
   3.0044900000000001e+00   0.0000000000000000e+00   5.1378009999999996e-01   1.1386570000000000e+00   2.1315210000000001e-01
   3.0145909999999998e+00   0.0000000000000000e+00   5.1258380000000003e-01   1.1408180000000001e+00   2.1310440000000000e-01
   3.0246930000000001e+00   0.0000000000000000e+00   5.1130980000000004e-01   1.1429700000000000e+00   2.1306210000000000e-01
   3.0347940000000002e+00   0.0000000000000000e+00   5.1026890000000003e-01   1.1451330000000000e+00   2.1302989999999999e-01
   3.0448960000000000e+00   0.0000000000000000e+00   5.0915860000000002e-01   1.1472960000000001e+00   2.1299219999999999e-01
   3.0549970000000002e+00   0.0000000000000000e+00   5.0794349999999999e-01   1.1494470000000001e+00   2.1295269999999999e-01
   3.0600480000000001e+00   0.0000000000000000e+00   5.0732949999999999e-01   1.1505220000000000e+00   2.1293370000000000e-01
   3.0701489999999998e+00   0.0000000000000000e+00   5.0634279999999998e-01   1.1526860000000001e+00   2.1290220000000001e-01
   3.0802510000000001e+00   0.0000000000000000e+00   5.0535620000000003e-01   1.1548499999999999e+00   2.1287120000000001e-01
   3.0903529999999999e+00   0.0000000000000000e+00   5.0415049999999995e-01   1.1569990000000001e+00   2.1283740000000001e-01
   3.1004540000000000e+00   0.0000000000000000e+00   5.0310149999999998e-01   1.1591610000000001e+00   2.1279580000000001e-01
   3.1105559999999999e+00   0.0000000000000000e+00   5.0189940000000000e-01   1.1613100000000001e+00   2.1275520000000001e-01
   3.1206570000000000e+00   0.0000000000000000e+00   5.0073409999999996e-01   1.1634590000000000e+00   2.1272179999999999e-01
   3.1307589999999998e+00   0.0000000000000000e+00   4.9979180000000001e-01   1.1656210000000000e+00   2.1268899999999999e-01
   3.1408600000000000e+00   0.0000000000000000e+00   4.9865080000000001e-01   1.1677690000000001e+00   2.1265319999999999e-01
   3.1509619999999998e+00   0.0000000000000000e+00   4.9774570000000001e-01   1.1699310000000001e+00   2.1262460000000000e-01
   3.1610630000000000e+00   0.0000000000000000e+00   4.9658540000000001e-01   1.1720790000000001e+00   2.1259140000000001e-01
   3.1711649999999998e+00   0.0000000000000000e+00   4.9547700000000000e-01   1.1742269999999999e+00   2.1256050000000001e-01
   3.1812659999999999e+00   0.0000000000000000e+00   4.9457139999999999e-01   1.1763870000000001e+00   2.1252389999999999e-01
   3.1913680000000002e+00   0.0000000000000000e+00   4.9347760000000002e-01   1.1785330000000001e+00   2.1249319999999999e-01
   3.2014689999999999e+00   0.0000000000000000e+00   4.9261630000000001e-01   1.1806939999999999e+00   2.1246889999999999e-01
   3.2115710000000002e+00   0.0000000000000000e+00   4.9150509999999997e-01   1.1828399999999999e+00   2.1243760000000000e-01
   3.2216719999999999e+00   0.0000000000000000e+00   4.9052200000000001e-01   1.1849950000000000e+00   2.1240229999999999e-01
   3.2317740000000001e+00   0.0000000000000000e+00   4.8964649999999998e-01   1.1871520000000000e+00   2.1237580000000000e-01
   3.2418749999999998e+00   0.0000000000000000e+00   4.8861199999999999e-01   1.1892970000000000e+00   2.1235609999999999e-01
   3.2519770000000001e+00   0.0000000000000000e+00   4.8781390000000002e-01   1.1914570000000000e+00   2.1233410000000000e-01
   3.2620779999999998e+00   0.0000000000000000e+00   4.8676940000000002e-01   1.1936009999999999e+00   2.1231249999999999e-01
   3.2721800000000001e+00   0.0000000000000000e+00   4.8595300000000002e-01   1.1957610000000001e+00   2.1228559999999999e-01
   3.2822809999999998e+00   0.0000000000000000e+00   4.8508879999999999e-01   1.1979180000000000e+00   2.1226000000000000e-01
   3.2923830000000001e+00   0.0000000000000000e+00   4.8409400000000002e-01   1.2000620000000000e+00   2.1223780000000000e-01
   3.3024849999999999e+00   0.0000000000000000e+00   4.8333569999999998e-01   1.2022210000000000e+00   2.1221950000000001e-01
   3.3125860000000000e+00   0.0000000000000000e+00   4.8230820000000002e-01   1.2043640000000000e+00   2.1219850000000001e-01
   3.3226879999999999e+00   0.0000000000000000e+00   4.8140840000000001e-01   1.2065170000000001e+00   2.1216800000000000e-01
   3.3327890000000000e+00   0.0000000000000000e+00   4.8043829999999998e-01   1.2086610000000000e+00   2.1214590000000000e-01
   3.3428909999999998e+00   0.0000000000000000e+00   4.7949950000000002e-01   1.2108040000000000e+00   2.1213370000000001e-01
   3.3529920000000000e+00   0.0000000000000000e+00   4.7876700000000000e-01   1.2129600000000000e+00   2.1211650000000001e-01
   3.3630939999999998e+00   0.0000000000000000e+00   4.7779870000000002e-01   1.2151019999999999e+00   2.1209420000000001e-01
   3.3731949999999999e+00   0.0000000000000000e+00   4.7709689999999999e-01   1.2172590000000001e+00   2.1207750000000000e-01
   3.3832970000000002e+00   0.0000000000000000e+00   4.7640460000000001e-01   1.2194160000000001e+00   2.1206159999999999e-01
   3.3933979999999999e+00   0.0000000000000000e+00   4.7548109999999999e-01   1.2215579999999999e+00   2.1205160000000001e-01
   3.4035000000000002e+00   0.0000000000000000e+00   4.7477659999999999e-01   1.2237150000000001e+00   2.1203159999999999e-01
   3.4136009999999999e+00   0.0000000000000000e+00   4.7386560000000000e-01   1.2258560000000001e+00   2.1201439999999999e-01
   3.4237030000000002e+00   0.0000000000000000e+00   4.7322690000000001e-01   1.2280130000000000e+00   2.1201100000000001e-01
   3.4338039999999999e+00   0.0000000000000000e+00   4.7253040000000002e-01   1.2301690000000001e+00   2.1199240000000000e-01
   3.4439060000000001e+00   0.0000000000000000e+00   4.7164640000000002e-01   1.2323100000000000e+00   2.1197679999999999e-01
   3.4540069999999998e+00   0.0000000000000000e+00   4.7103329999999999e-01   1.2344660000000001e+00   2.1197070000000001e-01
   3.4641090000000001e+00   0.0000000000000000e+00   4.7034900000000002e-01   1.2366210000000000e+00   2.1195910000000001e-01
   3.4742099999999998e+00   0.0000000000000000e+00   4.6948499999999999e-01   1.2387619999999999e+00   2.1194700000000000e-01
   3.4843120000000001e+00   0.0000000000000000e+00   4.6887299999999998e-01   1.2409170000000000e+00   2.1193160000000000e-01
   3.4944139999999999e+00   0.0000000000000000e+00   4.6803339999999999e-01   1.2430570000000001e+00   2.1192040000000001e-01
   3.5045150000000000e+00   0.0000000000000000e+00   4.6743190000000001e-01   1.2452129999999999e+00   2.1191370000000001e-01
   3.5146169999999999e+00   0.0000000000000000e+00   4.6684419999999999e-01   1.2473680000000000e+00   2.1189839999999999e-01
   3.5247180000000000e+00   0.0000000000000000e+00   4.6603240000000001e-01   1.2495080000000001e+00   2.1188960000000001e-01
   3.5348199999999999e+00   0.0000000000000000e+00   4.6545360000000002e-01   1.2516630000000000e+00   2.1187880000000001e-01
   3.5449210000000000e+00   0.0000000000000000e+00   4.6489190000000002e-01   1.2538180000000001e+00   2.1186400000000000e-01
   3.5550229999999998e+00   0.0000000000000000e+00   4.6411330000000001e-01   1.2559579999999999e+00   2.1185750000000000e-01
   3.5701749999999999e+00   0.0000000000000000e+00   4.6314580000000000e-01   1.2591800000000000e+00   2.1183330000000000e-01
   3.5802760000000000e+00   0.0000000000000000e+00   4.6258660000000001e-01   1.2613340000000000e+00   2.1181590000000000e-01
   3.5903779999999998e+00   0.0000000000000000e+00   4.6184180000000002e-01   1.2634730000000001e+00   2.1181059999999999e-01
   3.6004800000000001e+00   0.0000000000000000e+00   4.6129609999999999e-01   1.2656259999999999e+00   2.1179249999999999e-01
   3.6105809999999998e+00   0.0000000000000000e+00   4.6082119999999999e-01   1.2677799999999999e+00   2.1178340000000001e-01
   3.6206830000000001e+00   0.0000000000000000e+00   4.6009050000000001e-01   1.2699190000000000e+00   2.1178089999999999e-01
   3.6307839999999998e+00   0.0000000000000000e+00   4.5957670000000000e-01   1.2720739999999999e+00   2.1175830000000001e-01
   3.6408860000000001e+00   0.0000000000000000e+00   4.5886460000000001e-01   1.2742119999999999e+00   2.1174570000000001e-01
   3.6509870000000002e+00   0.0000000000000000e+00   4.5841690000000002e-01   1.2763659999999999e+00   2.1173900000000001e-01
   3.6610890000000000e+00   0.0000000000000000e+00   4.5796450000000000e-01   1.2785180000000000e+00   2.1171830000000000e-01
   3.6711900000000002e+00   0.0000000000000000e+00   4.5726850000000002e-01   1.2806560000000000e+00   2.1170659999999999e-01
   3.6812920000000000e+00   0.0000000000000000e+00   4.5679570000000003e-01   1.2828090000000001e+00   2.1168480000000001e-01
   3.6913930000000001e+00   0.0000000000000000e+00   4.5638820000000002e-01   1.2849600000000001e+00   2.1167150000000001e-01
   3.7014950000000000e+00   0.0000000000000000e+00   4.5572350000000000e-01   1.2870980000000001e+00   2.1166080000000001e-01
   3.7115960000000001e+00   0.0000000000000000e+00   4.5529720000000001e-01   1.2892509999999999e+00   2.1163460000000001e-01
   3.7216980000000000e+00   0.0000000000000000e+00   4.5484629999999998e-01   1.2914000000000001e+00   2.1160730000000000e-01
   3.7317990000000001e+00   0.0000000000000000e+00   4.5421030000000001e-01   1.2935369999999999e+00   2.1158740000000001e-01
   3.7419009999999999e+00   0.0000000000000000e+00   4.5385500000000001e-01   1.2956890000000001e+00   2.1157190000000001e-01
   3.7520020000000001e+00   0.0000000000000000e+00   4.5321909999999999e-01   1.2978259999999999e+00   2.1155530000000000e-01
   3.7621039999999999e+00   0.0000000000000000e+00   4.5280039999999999e-01   1.2999780000000001e+00   2.1151680000000000e-01
   3.7722050000000000e+00   0.0000000000000000e+00   4.5219640000000000e-01   1.3021130000000001e+00   2.1148900000000001e-01
   3.7823069999999999e+00   0.0000000000000000e+00   4.5185239999999999e-01   1.3042620000000000e+00   2.1146950000000000e-01
   3.7924090000000001e+00   0.0000000000000000e+00   4.5155620000000002e-01   1.3064110000000000e+00   2.1144890000000000e-01
   3.8025099999999998e+00   0.0000000000000000e+00   4.5096789999999998e-01   1.3085460000000000e+00   2.1142269999999999e-01
   3.8126120000000001e+00   0.0000000000000000e+00   4.5059090000000002e-01   1.3106960000000001e+00   2.1137850000000000e-01
   3.8227129999999998e+00   0.0000000000000000e+00   4.5026699999999997e-01   1.3128430000000000e+00   2.1134520000000001e-01
   3.8328150000000001e+00   0.0000000000000000e+00   4.4971190000000000e-01   1.3149770000000001e+00   2.1131430000000001e-01
   3.8429160000000002e+00   0.0000000000000000e+00   4.4945839999999998e-01   1.3171250000000001e+00   2.1129090000000000e-01
   3.8530180000000001e+00   0.0000000000000000e+00   4.4916780000000001e-01   1.3192710000000001e+00   2.1124730000000000e-01
   3.8631190000000002e+00   0.0000000000000000e+00   4.4864630000000000e-01   1.3214049999999999e+00   2.1121470000000001e-01
   3.8732210000000000e+00   0.0000000000000000e+00   4.4833889999999998e-01   1.3235500000000000e+00   2.1116409999999999e-01
   3.8833220000000002e+00   0.0000000000000000e+00   4.4810489999999997e-01   1.3256969999999999e+00   2.1112729999999999e-01
   3.8934240000000000e+00   0.0000000000000000e+00   4.4758769999999998e-01   1.3278289999999999e+00   2.1109059999999999e-01
   3.9035250000000001e+00   0.0000000000000000e+00   4.4734279999999998e-01   1.3299760000000000e+00   2.1104580000000001e-01
   3.9136270000000000e+00   0.0000000000000000e+00   4.4707520000000001e-01   1.3321210000000001e+00   2.1098890000000001e-01
   3.9237280000000001e+00   0.0000000000000000e+00   4.4661000000000001e-01   1.3342520000000000e+00   2.1094089999999999e-01
   3.9338299999999999e+00   0.0000000000000000e+00   4.4635609999999998e-01   1.3363940000000001e+00   2.1088399999999999e-01
   3.9439310000000001e+00   0.0000000000000000e+00   4.4588949999999999e-01   1.3385240000000000e+00   2.1082840000000000e-01
   3.9540329999999999e+00   0.0000000000000000e+00   4.4573380000000001e-01   1.3406659999999999e+00   2.1078749999999999e-01
   3.9641340000000000e+00   0.0000000000000000e+00   4.4553409999999999e-01   1.3428089999999999e+00   2.1072720000000000e-01
   3.9742359999999999e+00   0.0000000000000000e+00   4.4508989999999998e-01   1.3449370000000000e+00   2.1066499999999999e-01
   3.9843380000000002e+00   0.0000000000000000e+00   4.4495560000000001e-01   1.3470780000000000e+00   2.1061270000000001e-01
   3.9944389999999999e+00   0.0000000000000000e+00   4.4475250000000000e-01   1.3492180000000000e+00   2.1053669999999999e-01
   4.0045409999999997e+00   0.0000000000000000e+00   4.4434380000000001e-01   1.3513430000000000e+00   2.1047099999999999e-01
   4.0146420000000003e+00   0.0000000000000000e+00   4.4414809999999999e-01   1.3534820000000001e+00   2.1039649999999999e-01
   4.0247440000000001e+00   0.0000000000000000e+00   4.4403660000000000e-01   1.3556210000000000e+00   2.1033240000000000e-01
   4.0348449999999998e+00   0.0000000000000000e+00   4.4364250000000000e-01   1.3577440000000001e+00   2.1026660000000000e-01
